timestamp,state,height,distance,battery,temp,signal
36688.984,MissionNav,0.011267009391343072,50.0,99.99,40.04511627947236,99.78450099920327
36688.984,MissionNav,0.006442704973033274,50.0,99.97999999999999,40.080838257738655,99.4530096513802
36689.0,MissionNav,-0.002320972545170325,50.0,99.96999999999998,40.110834342273066,99.32914883323888
36689.015,MissionNav,0.006156802054457289,50.0,99.95999999999998,40.15334954361139,99.78418192049143
36689.031,MissionNav,0.015392151153970036,50.0,99.94999999999997,40.1772833708391,99.84743212276442
36689.031,MissionNav,0.017959534149663614,50.0,99.93999999999997,40.217609128348975,100.05120253578694
36689.046,MissionNav,0.020037679583403883,50.0,99.92999999999996,40.231416629397806,100.43979175729571
36689.062,MissionNav,0.013027239148013256,50.0,99.91999999999996,40.24421774885244,100.34964155229365
36689.078,MissionNav,0.013533016503178463,50.0,99.90999999999995,40.28630405549781,100.4174138429282
36689.093,MissionNav,0.030850299581641514,50.0,99.89999999999995,40.33595919383889,100.33029064845614
36689.109,MissionNav,0.0211606731833796,50.0,99.88999999999994,40.369313888606186,100.20354788716226
36689.125,MissionNav,0.022575561293979415,50.0,99.87999999999994,40.39409390378946,99.8531297746752
36689.125,MissionNav,0.020424593563574105,50.0,99.86999999999993,40.41579161497093,100.16135852353744
36689.14,MissionNav,0.03852513298743569,50.0,99.85999999999993,40.433599496933496,100.2767886517809
36689.156,MissionNav,0.05327502175025255,50.0,99.84999999999992,40.475349088092344,99.80101251630747
36689.156,MissionNav,0.06637164470993963,50.0,99.83999999999992,40.49685681743488,99.50487890967544
36689.171,MissionNav,0.07079524770614135,50.0,99.82999999999991,40.51059480889192,99.47613865913083
36689.187,MissionNav,0.06334632739168905,50.0,99.81999999999991,40.553901589361594,99.80752738773992
36689.203,MissionNav,0.06924744249295302,50.0,99.8099999999999,40.57708857174865,100.144012658946
36689.203,MissionNav,0.06005785456366598,50.0,99.7999999999999,40.61803415227637,99.93851595654594
36689.218,MissionNav,0.05802148588449301,50.0,99.78999999999989,40.65231260326458,99.47652253648202
36689.234,MissionNav,0.05134135017502063,50.0,99.77999999999989,40.67560095115107,99.61521141494121
36689.234,MissionNav,0.049994585950783973,50.0,99.76999999999988,40.71085616237815,99.23036216110759
36689.25,MissionNav,0.049099941790182886,50.0,99.75999999999988,40.731042016026834,99.34930672414721
36689.265,MissionNav,0.05865072331692192,50.0,99.74999999999987,40.74464181240562,99.33298946621149
36689.296,MissionNav,0.0699786314903697,50.0,99.73999999999987,40.76100066387281,99.25233271531158
36689.328,MissionNav,0.08448456817809336,50.0,99.72999999999986,40.775656186557214,99.15878356930051
36689.343,MissionNav,0.09498051876173401,50.0,99.71999999999986,40.79856270713127,99.29026012815739
36689.359,MissionNav,0.0896953630108536,50.0,99.70999999999985,40.832726134541744,98.92501527024433
36689.375,MissionNav,0.08933748305352694,50.0,99.69999999999985,40.88076835801903,98.5363097018139
36689.39,MissionNav,0.09248017102436598,50.0,99.68999999999984,40.91824299133541,99.00946727389199
36689.406,MissionNav,0.09208091988140141,50.0,99.67999999999984,40.93256146145475,98.83319355362374
36689.421,MissionNav,0.1011868448134802,50.0,99.66999999999983,40.977636182223215,99.16484750477431
36689.421,MissionNav,0.11186871932320507,50.0,99.65999999999983,41.02035263475975,98.96904807855402
36689.437,MissionNav,0.12631436724641085,50.0,99.64999999999982,41.04797772058312,99.1916552519958
36689.453,MissionNav,0.14318567335798832,50.0,99.63999999999982,41.073403295913046,98.77955601071152
36689.468,MissionNav,0.15471240526418234,50.0,99.62999999999981,41.10188029012632,98.89003139350655
36689.468,MissionNav,0.14868875831105677,50.0,99.6199999999998,41.121071790517625,99.09362785400597
36689.484,MissionNav,0.15025197834075252,50.0,99.6099999999998,41.14501912425509,98.6152193122276
36689.5,MissionNav,0.1465742578203734,50.0,99.5999999999998,41.164085102713805,98.79507171324506
36689.515,MissionNav,0.14094438786543914,50.0,99.58999999999979,41.17412580456415,99.06379212654278
36689.531,MissionNav,0.1339138592472547,50.0,99.57999999999979,41.21650561790411,98.72978745471248
36689.546,MissionNav,0.1273044633576579,50.0,99.56999999999978,41.248735457133726,99.12356284048333
36689.562,MissionNav,0.14493165432204197,50.0,99.55999999999977,41.28008058778699,99.10146802253597
36689.562,MissionNav,0.13510381602068658,50.0,99.54999999999977,41.307802041661176,99.37952698415056
36689.578,MissionNav,0.14773913588001994,50.0,99.53999999999976,41.32841243245027,99.52932561100485
36689.593,MissionNav,0.15674316255683196,50.0,99.52999999999976,41.35180447267897,99.65743612169203
36689.609,MissionNav,0.16272059272539344,50.0,99.51999999999975,41.39019425815201,99.42021343605381
36689.625,MissionNav,0.17417503439579626,50.0,99.50999999999975,41.41672089657911,98.94257815533602
36689.64,MissionNav,0.17459136337636527,50.0,99.49999999999974,41.43764977733055,99.20209676143286
36689.656,MissionNav,0.17746657053081835,50.0,99.48999999999974,41.484342232166355,99.12824088252705
36689.656,MissionNav,0.1758640527604943,50.0,99.47999999999973,41.5137445442268,98.6713528640282
36689.671,MissionNav,0.19052581588798614,50.0,99.46999999999973,41.5580584562577,98.4118305213388
36689.687,MissionNav,0.19732850978024688,50.0,99.45999999999972,41.60794749570422,98.7193142568983
36689.703,MissionNav,0.21530042425450904,50.0,99.44999999999972,41.64832943892311,98.28848522708049
36689.718,MissionNav,0.2127677827545962,50.0,99.43999999999971,41.68324419054181,98.3189845827896
36689.734,MissionNav,0.21842414198722013,50.0,99.42999999999971,41.718155255770455,98.64954229984042
36689.75,MissionNav,0.21694611416282175,50.0,99.4199999999997,41.742541627494276,98.88352663423034
36689.75,MissionNav,0.2287570585497544,50.0,99.4099999999997,41.789244075156795,99.32943618769504
36689.765,MissionNav,0.2464755313393625,50.0,99.3999999999997,41.819801238869665,98.87973707644133
36689.781,MissionNav,0.24769851921174582,50.0,99.38999999999969,41.839544023785955,99.16196508786282
36689.796,MissionNav,0.2506015341012462,50.0,99.37999999999968,41.884291604006535,99.48286423018142
36689.812,MissionNav,0.24118087891706208,50.0,99.36999999999968,41.91004145925943,99.46235685108213
36689.828,MissionNav,0.25049907110877806,50.0,99.35999999999967,41.92330746112053,99.0970158065108
36689.843,MissionNav,0.2609562601743009,50.0,99.34999999999967,41.93818268790571,99.11946892519896
36689.875,MissionNav,0.2806039051148228,50.0,99.33999999999966,41.9859997110651,98.94110683350912
36689.89,MissionNav,0.29247241492031956,50.0,99.32999999999966,42.01591764178809,99.08247508984158
36689.906,MissionNav,0.29706657422953353,50.0,99.31999999999965,42.04346492801598,99.44094230122737
36689.921,MissionNav,0.3034706555228733,50.0,99.30999999999965,42.081335809969254,99.43145821809682
36689.921,MissionNav,0.3133497117877059,50.0,99.29999999999964,42.09505699541694,99.68359002177021
36689.937,MissionNav,0.309467450330291,50.0,99.28999999999964,42.126615794364206,99.36919861342986
36689.953,MissionNav,0.3054098950723979,50.0,99.27999999999963,42.14177659571264,99.45654314507601
36689.953,MissionNav,0.3081946197117933,50.0,99.26999999999963,42.16100466011814,99.84964909189374
36689.968,MissionNav,0.30945987109353823,50.0,99.25999999999962,42.17367963400939,99.91787945808724
36689.984,MissionNav,0.31287253961723216,50.0,99.24999999999962,42.19345236212064,100.24963908490679
36690.0,MissionNav,0.30826450896587976,50.0,99.23999999999961,42.21720459497928,100.72445049930522
36690.015,MissionNav,0.32066593533021176,50.0,99.2299999999996,42.23197101189634,100.68770737236923
36690.031,MissionNav,0.31943437006735953,50.0,99.2199999999996,42.26573950098682,100.79741248694344
36690.046,MissionNav,0.3345028336613973,50.0,99.2099999999996,42.300746525271556,100.5328273926493
36690.062,MissionNav,0.3427286243847057,50.0,99.19999999999959,42.31235920013542,100.189084407068
36690.078,MissionNav,0.35522803786856255,50.0,99.18999999999959,42.34256538637198,100.18776402473735
36690.078,MissionNav,0.35566326265475084,50.0,99.17999999999958,42.36575893802182,99.78358635803782
36690.093,MissionNav,0.36322692259540607,50.0,99.16999999999958,42.41341737084542,99.76274127898115
36690.109,MissionNav,0.38274921305635906,50.0,99.15999999999957,42.42740116796123,99.43457103345452
36690.125,MissionNav,0.38178774791231634,50.0,99.14999999999957,42.453776233907966,99.83959660123254
36690.125,MissionNav,0.3721782029082584,50.0,99.13999999999956,42.49162720288243,100.30226369733975
36690.14,MissionNav,0.36948523774377706,50.0,99.12999999999955,42.51363492651017,100.12348701390104
36690.156,MissionNav,0.3618521442846839,50.0,99.11999999999955,42.53866312498223,99.85876828392185
36690.187,MissionNav,0.366878969271491,50.0,99.10999999999954,42.577909396266186,99.77493889022277
36690.203,MissionNav,0.36376726184118563,50.0,99.09999999999954,42.612506962577044,99.3446695082639
36690.234,MissionNav,0.3658429879735285,50.0,99.08999999999953,42.626473415061774,99.37823533578202
36690.25,MissionNav,0.35587646379792703,50.0,99.07999999999953,42.64585896850272,99.82028238454821
36690.312,MissionNav,0.3734290641432724,50.0,99.06999999999952,42.66372607834213,99.37603039847812
36690.312,MissionNav,0.3646710528004476,50.0,99.05999999999952,42.679730612713726,99.13184972088199
36690.328,MissionNav,0.37286597580922576,50.0,99.04999999999951,42.69261921077928,98.85573427533902
36690.343,MissionNav,0.3790119543756764,50.0,99.03999999999951,42.70340258213557,98.66488724619991
36690.359,MissionNav,0.3707171226425436,50.0,99.0299999999995,42.7495458675411,98.78583088185047
36690.375,MissionNav,0.37066796007061414,50.0,99.0199999999995,42.78494193998643,99.18422622693349
36690.39,MissionNav,0.370070096862377,50.0,99.0099999999995,42.82975509888563,98.75408730831543
36690.406,MissionNav,0.36176740804826546,50.0,98.99999999999949,42.87105148114371,99.24574101679013
36690.406,MissionNav,0.3692920510885031,50.0,98.98999999999948,42.89440513287042,99.70141924715146
36690.421,MissionNav,0.37484913683804155,50.0,98.97999999999948,42.92629046779392,99.45275842984192
36690.437,MissionNav,0.387975702122645,50.0,98.96999999999947,42.97529117894264,99.74465347225305
36690.453,MissionNav,0.40355288631376246,50.0,98.95999999999947,42.99260865203326,100.20414061056185
36690.453,MissionNav,0.42343591699214866,50.0,98.94999999999946,43.03407962203036,100.0293190862026
36690.468,MissionNav,0.42021941394232876,50.0,98.93999999999946,43.07558166174518,100.3999619102895
36690.484,MissionNav,0.4288698188085403,50.0,98.92999999999945,43.08915542164919,100.18163101842286
36690.5,MissionNav,0.44675120821836395,50.0,98.91999999999945,43.10165867761593,99.704258021821
36690.515,MissionNav,0.45746490142901414,50.0,98.90999999999944,43.13151181283558,100.02084979170273
36690.531,MissionNav,0.4541836734079859,50.0,98.89999999999944,43.16260426063371,100.15039081385206
36690.546,MissionNav,0.4676183093918764,50.0,98.88999999999943,43.186530956222555,99.82067299031291
36690.562,MissionNav,0.45835905617797357,50.0,98.87999999999943,43.235589756038976,100.08641559249136
36690.578,MissionNav,0.45407233715605844,50.0,98.86999999999942,43.26629732076191,99.61582665964792
36690.593,MissionNav,0.4615782297989889,50.0,98.85999999999942,43.312259494620044,99.62265516141939
36690.609,MissionNav,0.4694338832242601,50.0,98.84999999999941,43.34621612070685,100.04827670569735
36690.625,MissionNav,0.46006397484544426,50.0,98.8399999999994,43.36448759524519,100.06057515703431
36690.625,MissionNav,0.4560204426704019,50.0,98.8299999999994,43.40274741118681,99.71407423593593
36690.64,MissionNav,0.4713060740400689,50.0,98.8199999999994,43.43184180054394,100.17767580478419
36690.656,MissionNav,0.473418045379076,50.0,98.80999999999939,43.44383406107928,99.95253254156567
36690.671,MissionNav,0.47167803246005613,50.0,98.79999999999939,43.48282088872052,100.09717832345207
36690.687,MissionNav,0.4704849039177664,50.0,98.78999999999938,43.530686597399594,100.50208507647207
36690.703,MissionNav,0.4720845905588412,50.0,98.77999999999938,43.550441495028885,100.56751986761226
36690.718,MissionNav,0.47840881422705783,50.0,98.76999999999937,43.5681413966167,100.31729568070033
36690.734,MissionNav,0.49120189350621785,50.0,98.75999999999937,43.60198987346415,100.16009681511267
36690.75,MissionNav,0.5000277312082311,50.0,98.74999999999936,43.6357038473408,99.85214403919136
36690.75,MissionNav,0.4970095669905347,50.0,98.73999999999936,43.67426201592769,100.2433895074646
36690.765,MissionNav,0.516882862947376,50.0,98.72999999999935,43.68591011288813,100.09737003985099
36690.781,MissionNav,0.5270279873405769,50.0,98.71999999999935,43.69686741632995,100.13100879749187
36690.796,MissionNav,0.5429482427768393,50.0,98.70999999999934,43.710195620920686,100.5864687200721
36690.812,MissionNav,0.5426889411191936,50.0,98.69999999999933,43.72427015689288,100.19130211549637
36690.828,MissionNav,0.5435186041648143,50.0,98.68999999999933,43.74119296479669,99.77022555151675
36690.828,MissionNav,0.5504128970725872,50.0,98.67999999999932,43.78216604143461,99.54021674426352
36690.843,MissionNav,0.5590157474370746,50.0,98.66999999999932,43.803514219600245,99.59231252945982
36690.859,MissionNav,0.5700290866055265,50.0,98.65999999999931,43.84950645803133,99.70234683894088
36690.875,MissionNav,0.5628824659850872,50.0,98.64999999999931,43.87916561577271,99.30034783422963
36690.89,MissionNav,0.5658168718130276,50.0,98.6399999999993,43.91394500812081,99.2032264734972
36690.906,MissionNav,0.5800441882471659,50.0,98.6299999999993,43.943270944358076,99.0675732676908
36690.921,MissionNav,0.5871654560836936,50.0,98.6199999999993,43.97264567026471,99.0526835450029
36690.937,MissionNav,0.5796293771515987,50.0,98.60999999999929,43.98692814111756,99.18281445155843
36690.937,MissionNav,0.5740278598845364,50.0,98.59999999999928,44.0246371448179,98.93735268668492
36690.953,MissionNav,0.582687492081207,50.0,98.58999999999928,44.048257734620755,98.49210312211298
36690.968,MissionNav,0.5777651817001259,50.0,98.57999999999927,44.082672992156205,98.34915751576999
36690.984,MissionNav,0.5739005676140412,50.0,98.56999999999927,44.09447668207839,98.69400755631032
36691.0,MissionNav,0.5705241999434147,50.0,98.55999999999926,44.13241584759709,98.63360411048048
36691.015,MissionNav,0.5743156838380626,50.0,98.54999999999926,44.18229822603849,98.96183885551345
36691.031,MissionNav,0.5856625259137511,50.0,98.53999999999925,44.21713211078923,98.52211238741289
36691.046,MissionNav,0.5991700323381226,50.0,98.52999999999925,44.257640667657384,98.66170427636533
36691.046,MissionNav,0.5987614799683795,50.0,98.51999999999924,44.30081256810362,98.95056388309241
36691.062,MissionNav,0.6014449832571437,50.0,98.50999999999924,44.31165534642284,98.70236011445573
36691.078,MissionNav,0.6145832466639992,50.0,98.49999999999923,44.35571163769093,98.40543148417291
36691.093,MissionNav,0.6242517095993565,50.0,98.48999999999923,44.394539370218666,98.027673949298
36691.109,MissionNav,0.6217303264863031,50.0,98.47999999999922,44.438812250326194,98.17763963611216
36691.125,MissionNav,0.6232330171906779,50.0,98.46999999999922,44.45780896200445,98.16414112483758
36691.14,MissionNav,0.6306923472842416,50.0,98.45999999999921,44.500788912600974,98.04179869964324
36691.156,MissionNav,0.6383005477742639,50.0,98.4499999999992,44.53218476571274,97.94689335507947
36691.171,MissionNav,0.6422645738452207,50.0,98.4399999999992,44.557956859124246,97.46176314793618
36691.171,MissionNav,0.6531044179319898,50.0,98.4299999999992,44.60311823188367,97.45272372206685
36691.187,MissionNav,0.653391481161686,50.0,98.41999999999919,44.62317811467134,97.86460404729849
36691.218,MissionNav,0.6588163666802448,50.0,98.40999999999919,44.650069491009035,97.43250386842371
36691.234,MissionNav,0.6680562966304026,50.0,98.39999999999918,44.664570824267265,97.84586695701903
36691.25,MissionNav,0.6656732957707301,50.0,98.38999999999918,44.68245520356601,97.67867317865439
36691.25,MissionNav,0.6595405712600997,50.0,98.37999999999917,44.72130017362285,98.07347752539062
36691.265,MissionNav,0.6716340868506459,50.0,98.36999999999917,44.73559190228786,98.52422507087232
36691.281,MissionNav,0.6636721052890894,50.0,98.35999999999916,44.76543345211599,98.93614658565922
36691.296,MissionNav,0.6568856615175886,50.0,98.34999999999916,44.80926041092637,99.38061888695874
36691.296,MissionNav,0.661122371225483,50.0,98.33999999999915,44.82493043176621,99.79492058270428
36691.312,MissionNav,0.6590094769250585,50.0,98.32999999999915,44.87485953102739,99.97177426527033
36691.328,MissionNav,0.6499983557191726,50.0,98.31999999999914,44.89452143141955,99.90412507591951
36691.343,MissionNav,0.6482783489348601,50.0,98.30999999999914,44.94033358018164,99.53789336886875
36691.343,MissionNav,0.6597134885123949,50.0,98.29999999999913,44.95280364786991,99.36470115018123
36691.359,MissionNav,0.6765543290157446,50.0,98.28999999999913,44.99955685501683,99.69023398975767
36691.375,MissionNav,0.6836301069978146,50.0,98.27999999999912,45.0152017324819,100.18225879818874
36691.39,MissionNav,0.6960857389601576,50.0,98.26999999999911,45.04604819755397,100.08475121241744
36691.39,MissionNav,0.6929274052519314,50.0,98.25999999999911,45.06711596416045,100.05823168086366
36691.406,MissionNav,0.7055559749337699,50.0,98.2499999999991,45.088988693852905,100.01497873046904
36691.421,MissionNav,0.7177969612386508,50.0,98.2399999999991,45.113433001588945,99.58255286812036
36691.437,MissionNav,0.7086637348745236,50.0,98.2299999999991,45.16148861937669,99.56915744034602
36691.437,MissionNav,0.7281521039130127,50.0,98.21999999999909,45.20898456955868,99.35491782816227
36691.453,MissionNav,0.7296323331959551,50.0,98.20999999999908,45.24200925003872,99.85065161964887
36691.468,MissionNav,0.7488576579413294,50.0,98.19999999999908,45.28851080604005,100.08319565177622
36691.468,MissionNav,0.7672533323113392,50.0,98.18999999999907,45.314328335746566,99.86348334617115
36691.484,MissionNav,0.7813405673872762,50.0,98.17999999999907,45.35657490590841,99.4816604831691
36691.5,MissionNav,0.7985524070672307,50.0,98.16999999999906,45.376542373808554,99.09805629848115
36691.515,MissionNav,0.8086383991618955,50.0,98.15999999999906,45.414058868262444,99.14960217174541
36691.515,MissionNav,0.8224084499750622,50.0,98.14999999999905,45.44910099911834,99.34560862885293
36691.531,MissionNav,0.8300808584085239,50.0,98.13999999999905,45.47828033735485,99.40738193570043
36691.546,MissionNav,0.8342203329919868,50.0,98.12999999999904,45.5256984445244,99.38374982885355
36691.562,MissionNav,0.852783907693238,50.0,98.11999999999904,45.562096020614476,99.39621077639018
36691.562,MissionNav,0.8566120537153903,50.0,98.10999999999903,45.597525823486855,98.90478272816237
36691.578,MissionNav,0.8589141477957924,50.0,98.09999999999903,45.607943880665836,98.9452416718119
36691.593,MissionNav,0.8612240682892607,50.0,98.08999999999902,45.62579603201135,98.98778933943056
36691.609,MissionNav,0.8812103061492429,50.0,98.07999999999902,45.65293432460067,99.25013392634212
36691.625,MissionNav,0.8851554608311271,50.0,98.06999999999901,45.70218001350058,99.17660624796908
36691.64,MissionNav,0.8944255512647467,50.0,98.05999999999901,45.73857430068097,99.59676553649737
36691.656,MissionNav,0.8848969242099133,50.0,98.049999999999,45.78823268842273,99.61937110526438
36691.671,MissionNav,0.8837474447456388,50.0,98.039999999999,45.82825527659233,99.61049677451025
36691.687,MissionNav,0.8823307343041839,50.0,98.02999999999899,45.84958798854677,99.49631867365679
36691.703,MissionNav,0.8919447361819671,50.0,98.01999999999899,45.87985645569972,99.29403193951019
36691.718,MissionNav,0.8930088494219455,50.0,98.00999999999898,45.899568159280705,99.25155223514602
36691.734,MissionNav,0.897369298484242,50.0,97.99999999999898,45.94578929452368,99.34723952348601
36691.75,MissionNav,0.9095641959417392,50.0,97.98999999999897,45.985234707586315,99.3359219955021
36691.765,MissionNav,0.910111731425045,50.0,97.97999999999897,46.01246991781798,98.95620153941299
36691.781,MissionNav,0.9041374878009966,50.0,97.96999999999896,46.05354851853486,98.54421396969968
36691.781,MissionNav,0.8991525287106609,50.0,97.95999999999896,46.07409621635213,98.23493344982309
36691.796,MissionNav,0.914401048531075,50.0,97.94999999999895,46.09519316304275,97.7803693046401
36691.812,MissionNav,0.9300889741591063,50.0,97.93999999999895,46.13178505105205,98.14117346246735
36691.828,MissionNav,0.9266660235303671,50.0,97.92999999999894,46.142574436691035,98.17312954373106
36691.828,MissionNav,0.9294587445008139,50.0,97.91999999999894,46.18162590214012,98.48517367845069
36691.843,MissionNav,0.9235638336227704,50.0,97.90999999999893,46.204713984976856,98.36509296942825
36691.859,MissionNav,0.9170885813131646,50.0,97.89999999999893,46.22035931218233,98.6584398723343
36691.875,MissionNav,0.923135528780455,50.0,97.88999999999892,46.26919338953892,98.51714302137727
36691.89,MissionNav,0.9287559819873665,50.0,97.87999999999892,46.30503013112147,99.01492567048957
36691.906,MissionNav,0.9443377260171981,50.0,97.86999999999891,46.34499211528731,98.84656728989857
36691.906,MissionNav,0.9459275724852397,50.0,97.8599999999989,46.38580998688729,99.26868540256446
36691.921,MissionNav,0.9563788600030698,50.0,97.8499999999989,46.400157898688256,99.30919198993705
36691.937,MissionNav,0.9726020664945241,50.0,97.8399999999989,46.44538337257515,99.50078650469862
36691.953,MissionNav,0.9739147232156128,50.0,97.82999999999889,46.48773584061934,99.99846546339751
36691.968,MissionNav,0.9800545791532669,50.0,97.81999999999888,46.518773768517896,99.52373719151346
36691.984,MissionNav,0.9971765518211348,50.0,97.80999999999888,46.52917420813061,99.4702288673607
36691.984,MissionNav,0.9912219262263007,50.0,97.79999999999887,46.54983402926479,99.21866849636014
36692.0,MissionNav,0.9833917652530421,50.0,97.78999999999887,46.564304007192476,99.03602373093842
36692.015,MissionNav,0.9888347769378582,50.0,97.77999999999886,46.585448548254796,98.57653097856874
36692.031,MissionNav,0.9874307694519991,50.0,97.76999999999886,46.599888167634,99.00889830473467
36692.046,MissionNav,0.9899099605083848,50.0,97.75999999999885,46.638258442521725,98.75071893469476
36692.046,MissionNav,1.000598915162502,50.0,97.74999999999885,46.6528667256088,98.32325671279898
36692.062,MissionNav,1.0033093099402086,50.0,97.73999999999884,46.68248333372321,97.9395847982179
36692.093,MissionNav,0.999450334262349,50.0,97.72999999999884,46.72143643356138,98.02466745872348
36692.109,MissionNav,1.0111981065477935,50.0,97.71999999999883,46.73472281791901,98.15213570171949
36692.125,MissionNav,1.0141282242921408,50.0,97.70999999999883,46.77724226524026,98.29549187756959
36692.187,MissionNav,1.0068804279722194,50.0,97.69999999999882,46.81748735161313,98.77296461248454
36692.203,MissionNav,1.0118825721968467,50.0,97.68999999999882,46.831258854790484,98.86588648253374
36692.218,MissionNav,1.015559655300877,50.0,97.67999999999881,46.852067494106564,98.79636199751744
36692.234,MissionNav,1.0103903048357683,50.0,97.66999999999881,46.87238913078318,98.59334919163044
36692.25,MissionNav,1.004647068973636,50.0,97.6599999999988,46.91463697983151,98.10025014913346
36692.25,MissionNav,1.0004627996890891,50.0,97.6499999999988,46.94746799576835,97.66704801452101
36692.265,MissionNav,1.0201612695384734,50.0,97.63999999999879,46.981924310700464,97.39357610722486
36692.281,MissionNav,1.0241469889408055,50.0,97.62999999999879,47.0218422127361,97.24786793989063
36692.296,MissionNav,1.0426805982442586,50.0,97.61999999999878,47.07106174322182,97.71234812300263
36692.296,MissionNav,1.0615791706330173,50.0,97.60999999999878,47.10327655875764,98.19457767996838
36692.312,MissionNav,1.06193422362044,50.0,97.59999999999877,47.14873051319486,98.15862354691369
36692.328,MissionNav,1.0655510847595593,50.0,97.58999999999877,47.161065264548256,98.33464399237404
36692.343,MissionNav,1.0591623775424759,50.0,97.57999999999876,47.1722304893488,98.63981646109006
36692.343,MissionNav,1.0720462032324773,50.0,97.56999999999876,47.202182920501805,98.84955353354685
36692.359,MissionNav,1.0719006206734494,50.0,97.55999999999875,47.22000987315335,99.09622318295176
36692.375,MissionNav,1.089581916555669,50.0,97.54999999999875,47.24638462671442,99.45080837163485
36692.39,MissionNav,1.094080846956346,50.0,97.53999999999874,47.28069089306258,99.01656253450616
36692.39,MissionNav,1.0979400048217183,50.0,97.52999999999874,47.3215992982038,99.01048512053038
36692.406,MissionNav,1.106095041657408,50.0,97.51999999999873,47.34469746101789,98.73266559619967
36692.421,MissionNav,1.0966224167258432,50.0,97.50999999999873,47.3673550048215,98.81649542247679
36692.437,MissionNav,1.0915798787567754,50.0,97.49999999999872,47.41057355339284,98.50733451473653
36692.453,MissionNav,1.084607225053953,50.0,97.48999999999872,47.45348075849525,98.07978957050469
36692.453,MissionNav,1.0958098249281356,50.0,97.47999999999871,47.47390538074162,97.75975024118802
36692.468,MissionNav,1.114733686368939,50.0,97.4699999999987,47.51626751066994,97.50845042802462
36692.484,MissionNav,1.110376948926162,50.0,97.4599999999987,47.528134028105434,97.46364105853466
36692.5,MissionNav,1.1258271610143038,50.0,97.4499999999987,47.55936575817525,97.7272399300339
36692.5,MissionNav,1.1242352099938353,50.0,97.43999999999869,47.58300843550855,97.33534207953737
36692.515,MissionNav,1.138816933837683,50.0,97.42999999999869,47.614569818491574,96.84687437447029
36692.531,MissionNav,1.133554834201132,50.0,97.41999999999868,47.63019294983262,96.35162907844945
36692.546,MissionNav,1.1288091975679506,50.0,97.40999999999867,47.66615231084596,96.1113545836187
36692.562,MissionNav,1.146534080315546,50.0,97.39999999999867,47.70898651817336,96.35779096834531
36692.562,MissionNav,1.1558705517170753,50.0,97.38999999999866,47.730551127149745,96.5453628953413
36692.578,MissionNav,1.1561203124037407,50.0,97.37999999999866,47.7643547932737,96.64198813003813
36692.593,MissionNav,1.172534515911356,50.0,97.36999999999865,47.77613211426496,96.77110001104346
36692.609,MissionNav,1.1890650253229658,50.0,97.35999999999865,47.78738696279237,96.69535028530109
36692.609,MissionNav,1.1997675817335984,50.0,97.34999999999864,47.7999451489227,96.54432239510963
36692.625,MissionNav,1.1921615973755768,50.0,97.33999999999864,47.83697677187391,96.67728268711221
36692.64,MissionNav,1.2013500227624192,50.0,97.32999999999863,47.84839787767656,96.34948134463724
36692.656,MissionNav,1.196718450777953,50.0,97.31999999999863,47.86059750116661,96.1750695775398
36692.656,MissionNav,1.1894490041943517,50.0,97.30999999999862,47.89872125754615,96.46206445537585
36692.671,MissionNav,1.1874311522950547,50.0,97.29999999999862,47.945778186473916,96.13322361606346
36692.687,MissionNav,1.2029243046837357,50.0,97.28999999999861,47.99002437053775,96.29127399208117
36692.703,MissionNav,1.2176995244638142,50.0,97.27999999999861,48.0385693400525,95.90309793847487
36692.718,MissionNav,1.2081808479317677,50.0,97.2699999999986,48.06549360525122,95.67283141948671
36692.718,MissionNav,1.201280363302007,50.0,97.2599999999986,48.10159711563502,95.67734186997669
36692.734,MissionNav,1.1955620896274677,50.0,97.2499999999986,48.12711573731288,95.36601942218631
36692.75,MissionNav,1.2115599593726498,50.0,97.23999999999859,48.138456799082526,94.87614551059065
36692.765,MissionNav,1.2156192823990086,50.0,97.22999999999858,48.165279315404646,94.60741012825986
36692.781,MissionNav,1.234701079219858,50.0,97.21999999999858,48.193911736447944,94.44491440104109
36692.796,MissionNav,1.2369903769733557,50.0,97.20999999999857,48.22362790383864,94.3366658532713
36692.796,MissionNav,1.2427612164882635,50.0,97.19999999999857,48.23411568019943,94.52111520869892
36692.812,MissionNav,1.2387662313836787,50.0,97.18999999999856,48.2505962470336,94.84768629722103
36692.828,MissionNav,1.2309697754743607,50.0,97.17999999999856,48.29573693592786,95.33157919118862
36692.843,MissionNav,1.240508985739414,50.0,97.16999999999855,48.311709669810526,95.51020998564944
36692.859,MissionNav,1.233167770823751,50.0,97.15999999999855,48.34714733493173,95.52043203372615
36692.875,MissionNav,1.252753371061461,50.0,97.14999999999854,48.36304164742887,95.47413845505238
36692.875,MissionNav,1.2626018580395535,50.0,97.13999999999854,48.39984871297948,95.27397042860792
36692.89,MissionNav,1.2556777005482367,50.0,97.12999999999853,48.415038036079096,95.42895881326372
36692.906,MissionNav,1.2658520321681326,50.0,97.11999999999853,48.4513058297301,95.57657379099241
36692.921,MissionNav,1.2585288891632869,50.0,97.10999999999852,48.471362839453256,95.33538388769051
36692.937,MissionNav,1.2663909628108876,50.0,97.09999999999852,48.49485369748336,95.52145418782297
36692.953,MissionNav,1.2731978856141917,50.0,97.08999999999851,48.54394218621389,95.64105091353653
36692.968,MissionNav,1.2919377432309882,50.0,97.0799999999985,48.58824476602257,95.88171211992743
36692.984,MissionNav,1.2849240820296242,50.0,97.0699999999985,48.63558308296054,95.61487580643127
36693.0,MissionNav,1.3030723668173287,50.0,97.0599999999985,48.66371034215944,96.09629214832975
36693.015,MissionNav,1.296859580416168,50.0,97.04999999999849,48.71202000345713,95.99005949667341
36693.015,MissionNav,1.3159103602790678,50.0,97.03999999999849,48.7387460433423,95.77090469383295
36693.031,MissionNav,1.3196921935042167,50.0,97.02999999999848,48.755265013923186,96.22103856679523
36693.046,MissionNav,1.325523923510768,50.0,97.01999999999848,48.78646018875934,96.20403379249683
36693.062,MissionNav,1.3213036237776312,50.0,97.00999999999847,48.82058821615626,96.54117743734395
36693.093,MissionNav,1.3322403728660033,50.0,96.99999999999847,48.869474456136864,96.4298377823508
36693.109,MissionNav,1.3365120706205555,50.0,96.98999999999846,48.90172458786679,96.5968171032893
36693.125,MissionNav,1.3432536450393948,50.0,96.97999999999845,48.92569062668037,96.79463483523313
36693.14,MissionNav,1.3421907292099566,50.0,96.96999999999845,48.947704219454394,96.30217376495072
36693.156,MissionNav,1.3389112282162898,50.0,96.95999999999844,48.97852587265247,96.17214412845901
36693.156,MissionNav,1.356695885711051,50.0,96.94999999999844,48.99695803825886,96.01886805081926
36693.171,MissionNav,1.3569949057756925,50.0,96.93999999999843,49.0269703855281,96.22796125383356
36693.187,MissionNav,1.371896868435508,50.0,96.92999999999843,49.06880431751756,96.62483257239312
36693.203,MissionNav,1.3857959507684479,50.0,96.91999999999842,49.0935343237565,96.6178390780684
36693.218,MissionNav,1.385967932988333,50.0,96.90999999999842,49.10600875638513,96.41182938100302
36693.234,MissionNav,1.386899851341407,50.0,96.89999999999841,49.144470978251356,96.02844142724055
36693.25,MissionNav,1.3795523927475508,50.0,96.88999999999841,49.155820817342196,96.09176541528107
36693.25,MissionNav,1.3867416666654933,50.0,96.8799999999984,49.19126432864517,95.79884423995435
36693.265,MissionNav,1.3835023966569,50.0,96.8699999999984,49.23470767868737,95.59109331592771
36693.281,MissionNav,1.39997024295573,50.0,96.8599999999984,49.25318470518664,95.62288374009738
36693.296,MissionNav,1.418604752060736,50.0,96.84999999999839,49.278159103269346,95.91746147840938
36693.312,MissionNav,1.4380450563803113,50.0,96.83999999999838,49.32656347698804,96.0115989906618
36693.328,MissionNav,1.4495039831957093,50.0,96.82999999999838,49.374158993049704,96.29270087823333
36693.343,MissionNav,1.4684463443765712,50.0,96.81999999999837,49.38667823810768,96.41474982225056
36693.343,MissionNav,1.4834430878851106,50.0,96.80999999999837,49.40266005247166,96.78315275944924
36693.359,MissionNav,1.4924894815492522,50.0,96.79999999999836,49.44769302736017,96.94428654080478
36693.375,MissionNav,1.503522290183117,50.0,96.78999999999836,49.47437861333473,96.50323122895628
36693.39,MissionNav,1.503354380353916,50.0,96.77999999999835,49.52054916740281,96.66873932001353
36693.406,MissionNav,1.5132218916956737,50.0,96.76999999999835,49.54701527319527,96.87859078373727
36693.421,MissionNav,1.5294360766523243,50.0,96.75999999999834,49.59320370374335,97.25182411304509
36693.437,MissionNav,1.538114143795499,50.0,96.74999999999834,49.6312569480607,97.48930906161061
36693.437,MissionNav,1.552013695091149,50.0,96.73999999999833,49.643226809509464,97.64358670824768
36693.453,MissionNav,1.5628570299159983,50.0,96.72999999999833,49.65780791066559,97.82616225856916
36693.468,MissionNav,1.5815162763987913,50.0,96.71999999999832,49.69872006999013,98.02469456740279
36693.484,MissionNav,1.597137115263605,50.0,96.70999999999832,49.73280029392941,97.9141072285205
36693.5,MissionNav,1.6029837176933297,50.0,96.69999999999831,49.754669809605446,98.25335472667128
36693.515,MissionNav,1.6159616026388162,50.0,96.6899999999983,49.770144883328975,98.18163016186537
36693.531,MissionNav,1.613419661153766,50.0,96.6799999999983,49.818757013823166,97.91221804364191
36693.546,MissionNav,1.6222166101751256,50.0,96.6699999999983,49.84502611422416,98.29115777641485
36693.562,MissionNav,1.626670273278621,50.0,96.65999999999829,49.87009044657687,97.83185702130383
36693.562,MissionNav,1.6393315276920155,50.0,96.64999999999829,49.892979249206846,97.9723371354077
36693.593,MissionNav,1.6318957769262536,50.0,96.63999999999828,49.91650433320469,97.83314640003191
36693.609,MissionNav,1.6489188248730244,50.0,96.62999999999828,49.93863341936761,97.99198901543924
36693.625,MissionNav,1.6495511415088455,50.0,96.61999999999827,49.958653005514066,97.52507282614995
36693.64,MissionNav,1.651547052204548,50.0,96.60999999999827,49.99050719101804,97.45065805385322
36693.656,MissionNav,1.6485510140361133,50.0,96.59999999999826,50.01609968311804,97.74747713588066
36693.671,MissionNav,1.6484336661563963,50.0,96.58999999999826,50.030876829554536,97.32592668417107
36693.687,MissionNav,1.665378959345882,50.0,96.57999999999825,50.05111763998096,97.34769095953014
36693.703,MissionNav,1.6689566395003164,50.0,96.56999999999825,50.07081497062306,97.79117391275331
36693.718,MissionNav,1.682402522776669,50.0,96.55999999999824,50.088941382861435,98.16967347106103
36693.734,MissionNav,1.6857252747907057,50.0,96.54999999999824,50.133075625922835,98.0760143632201
36693.75,MissionNav,1.690512922871278,50.0,96.53999999999823,50.14778299946122,98.16086976480894
36693.75,MissionNav,1.707548881123472,50.0,96.52999999999822,50.17037277228807,97.94723633954247
36693.765,MissionNav,1.712789813106696,50.0,96.51999999999822,50.18618390224161,98.19453133852265
36693.781,MissionNav,1.7216147670688045,50.0,96.50999999999821,50.2067917303707,98.38570508841671
36693.796,MissionNav,1.7156016127813667,50.0,96.49999999999821,50.240080742312585,98.27121834691674
36693.812,MissionNav,1.705975682696092,50.0,96.4899999999982,50.26642137672626,98.22672670023181
36693.812,MissionNav,1.7016814060364027,50.0,96.4799999999982,50.27868523450126,98.15146644585757
36693.828,MissionNav,1.707633303423829,50.0,96.4699999999982,50.30617586592196,98.07417222796578
36693.843,MissionNav,1.7232264134444606,50.0,96.45999999999819,50.340276414939154,97.60511107927371
36693.859,MissionNav,1.7181778748968988,50.0,96.44999999999818,50.37648666899287,97.4883037185386
36693.875,MissionNav,1.725635718809114,50.0,96.43999999999818,50.38930458183589,97.73774886065816
36693.89,MissionNav,1.739626570752275,50.0,96.42999999999817,50.425138848810235,97.94538283484144
36693.906,MissionNav,1.7553737049158598,50.0,96.41999999999817,50.449369519313976,98.11382897859065
36693.906,MissionNav,1.7631429609593372,50.0,96.40999999999816,50.473468071261486,98.01930658264233
36693.921,MissionNav,1.7795288934381654,50.0,96.39999999999816,50.50149745159162,97.87306016511577
36693.937,MissionNav,1.7841324265969831,50.0,96.38999999999815,50.54045034926775,97.69898056548462
36693.953,MissionNav,1.7832549843206245,50.0,96.37999999999815,50.55828714807651,97.24327153605883
36693.968,MissionNav,1.7881991761390392,50.0,96.36999999999814,50.604240574754996,96.9392163242488
36693.984,MissionNav,1.7937523888270397,50.0,96.35999999999814,50.620414008969554,97.04067304949112
36694.0,MissionNav,1.804156116331676,50.0,96.34999999999813,50.63308328164396,96.67240570220034
36694.0,MissionNav,1.8132952577901391,50.0,96.33999999999813,50.64790632308815,96.65798956538423
36694.015,MissionNav,1.8241274534597476,50.0,96.32999999999812,50.69310550216015,96.76091734951477
36694.031,MissionNav,1.840178072769653,50.0,96.31999999999812,50.71892479198527,96.43018245693298
36694.046,MissionNav,1.8581456729895725,50.0,96.30999999999811,50.73717655605529,96.50591593432152
36694.062,MissionNav,1.860995491188577,50.0,96.29999999999811,50.78115070177006,96.11270212521632
36694.078,MissionNav,1.867688360071264,50.0,96.2899999999981,50.79445023061683,95.64573809824336
36694.093,MissionNav,1.886761859395067,50.0,96.2799999999981,50.82987288126675,95.91807275023127
36694.093,MissionNav,1.8887896638254198,50.0,96.26999999999809,50.869676571482195,95.82518865395357
36694.125,MissionNav,1.8910947855482863,50.0,96.25999999999809,50.88837236612748,95.82052867150426
36694.125,MissionNav,1.9031634233559407,50.0,96.24999999999808,50.937693533690506,96.27919392328535
36694.14,MissionNav,1.921230127896599,50.0,96.23999999999808,50.96065038894046,96.22872676419321
36694.156,MissionNav,1.931555058297115,50.0,96.22999999999807,50.98481463233218,95.8598433054856
36694.171,MissionNav,1.9221257960811737,50.0,96.21999999999807,51.000833302358274,95.41040631297045
36694.187,MissionNav,1.9200860008665113,50.0,96.20999999999806,51.03083495976019,95.24295052523615
36694.203,MissionNav,1.9254065946851768,50.0,96.19999999999806,51.04364541104512,95.20378028939218
36694.218,MissionNav,1.9319627773695542,50.0,96.18999999999805,51.070609374536545,94.71381886283123
36694.218,MissionNav,1.942414936690077,50.0,96.17999999999805,51.117778203120345,94.82726543295223
36694.234,MissionNav,1.9489755668086994,50.0,96.16999999999804,51.154669892619346,94.4829734127838
36694.25,MissionNav,1.9427360146967756,50.0,96.15999999999804,51.199392330807356,94.02331396781427
36694.265,MissionNav,1.9368928750981413,50.0,96.14999999999803,51.21584770530579,94.34074725878297
36694.281,MissionNav,1.9337199078674312,50.0,96.13999999999803,51.23482486458661,94.82612222149969
36694.296,MissionNav,1.9246601085582953,50.0,96.12999999999802,51.25373014589853,95.1589795090172
36694.312,MissionNav,1.9165991958517667,50.0,96.11999999999802,51.265650037313534,94.67795919754349
36694.312,MissionNav,1.9154804939571022,50.0,96.10999999999801,51.30048424163303,94.51877674615153
36694.328,MissionNav,1.9345692418883247,50.0,96.099999999998,51.31474808579949,94.95187634385395
36694.343,MissionNav,1.948775230648075,50.0,96.089999999998,51.34094960447648,95.12579547376845
36694.359,MissionNav,1.9468566073156894,50.0,96.079999999998,51.37953219274175,95.17031269338135
36694.375,MissionNav,1.939679677342841,50.0,96.06999999999799,51.41613123314071,94.84768631237404
36694.39,MissionNav,1.9494933765602296,50.0,96.05999999999798,51.461274060616624,95.15539813132689
36694.406,MissionNav,1.940237904259584,50.0,96.04999999999798,51.4829105916355,95.58269194500254
36694.421,MissionNav,1.951924991117611,50.0,96.03999999999797,51.499321581570186,95.91674955460607
36694.453,MissionNav,1.944229120730903,50.0,96.02999999999797,51.54347955787604,95.98595867036576
36694.453,MissionNav,1.951363772718254,50.0,96.01999999999796,51.57874002994013,96.094142305713
36694.468,MissionNav,1.9454266175224832,50.0,96.00999999999796,51.6252475993324,96.18586971320865
36694.484,MissionNav,1.9597665366743866,50.0,95.99999999999795,51.64942917188543,96.65319676384252
36694.5,MissionNav,1.9706352930375532,50.0,95.98999999999795,51.66088530899863,96.25532761672649
36694.515,MissionNav,1.9613080568368202,50.0,95.97999999999794,51.67180518834176,96.72511188699708
36694.515,MissionNav,1.9653777402335573,50.0,95.96999999999794,51.70956403934923,97.07519599018597
36694.531,MissionNav,1.9678910885236154,50.0,95.95999999999793,51.75368306864713,97.19256813750025
36694.546,MissionNav,1.9790172251919178,50.0,95.94999999999793,51.77447231487261,97.00653756836282
36694.562,MissionNav,1.9811026347990526,50.0,95.93999999999792,51.805169969578664,96.65474234463113
36694.578,MissionNav,1.9890918370777997,50.0,95.92999999999792,51.853200269942626,96.91894381833882
36694.593,MissionNav,2.006804037196145,50.0,95.91999999999791,51.86439149649579,96.63473352233807
36694.609,MissionNav,2.0102341936108323,50.0,95.90999999999791,51.8890637788898,96.55261170057395
36694.609,MissionNav,2.000335240307176,50.0,95.8999999999979,51.91336259224776,96.36929589184783
36694.625,MissionNav,2.0164304688331853,50.0,95.8899999999979,51.96279633182863,96.86542304889055
36694.64,MissionNav,2.0156869831469497,50.0,95.87999999999789,51.98167103164742,97.23138091383595
36694.656,MissionNav,2.0297891042825156,50.0,95.86999999999789,52.008806032959754,97.56835222822285
36694.671,MissionNav,2.0353271997593976,50.0,95.85999999999788,52.05802339902098,97.65727103689677
36694.687,MissionNav,2.0259467908448507,50.0,95.84999999999788,52.07060285153085,98.11396078187961
36694.703,MissionNav,2.0204432097836644,50.0,95.83999999999787,52.091307340361084,97.62979322534541
36694.718,MissionNav,2.023934586928989,50.0,95.82999999999787,52.11640965050264,97.21251454108085
36694.734,MissionNav,2.02521014171611,50.0,95.81999999999786,52.14769941924088,97.48981367473328
36694.75,MissionNav,2.044213749758929,50.0,95.80999999999786,52.162541241866265,97.48044369599941
36694.765,MissionNav,2.0379711494297075,50.0,95.79999999999785,52.18998821323121,97.95698421568059
36694.765,MissionNav,2.034177546129098,50.0,95.78999999999785,52.21495749823782,97.54143533215166
36694.781,MissionNav,2.0511725198899047,50.0,95.77999999999784,52.233940109729126,97.40803050313806
36694.796,MissionNav,2.062288506297804,50.0,95.76999999999784,52.27820011930387,96.98243545057524
36694.812,MissionNav,2.056714718534306,50.0,95.75999999999783,52.28826758086637,96.88623867156736
36694.828,MissionNav,2.072800012017199,50.0,95.74999999999783,52.30853080586727,96.43198445490403
36694.843,MissionNav,2.073446212505623,50.0,95.73999999999782,52.34267830352059,96.07082879690783
36694.859,MissionNav,2.0639163025707115,50.0,95.72999999999782,52.36230184428743,95.65445596745252
36694.859,MissionNav,2.058596412328576,50.0,95.71999999999781,52.394263629021744,95.4527581264103
36694.875,MissionNav,2.077605419162473,50.0,95.7099999999978,52.42654436694744,95.70642662627698
36694.89,MissionNav,2.076140040148804,50.0,95.6999999999978,52.4622724002463,95.94297234352267
36694.906,MissionNav,2.0815181831617675,50.0,95.6899999999978,52.51143142876754,95.66344831749932
36694.906,MissionNav,2.0839432258513613,50.0,95.67999999999779,52.53170234925366,95.43235476927319
36694.921,MissionNav,2.0960979813264613,50.0,95.66999999999778,52.5711267146973,95.79870875881375
36694.937,MissionNav,2.096394978507519,50.0,95.65999999999778,52.61694775754199,95.67227371614807
36694.937,MissionNav,2.1067001382572745,50.0,95.64999999999777,52.652814250823965,95.35247919532176
36694.953,MissionNav,2.1042214627728377,50.0,95.63999999999777,52.68923227233735,95.0646672523279
36694.968,MissionNav,2.122608545918752,50.0,95.62999999999776,52.732395900878885,95.07350467492604
36694.984,MissionNav,2.1253478625860422,50.0,95.61999999999776,52.74713133042163,95.4537401706667
36694.984,MissionNav,2.1392266672363265,50.0,95.60999999999775,52.76817186809632,95.5367569460757
36695.0,MissionNav,2.143012058016081,50.0,95.59999999999775,52.79324770662658,95.93656748911626
36695.015,MissionNav,2.1413736494929974,50.0,95.58999999999774,52.81770799260843,95.94397352505268
36695.031,MissionNav,2.1597800806362475,50.0,95.57999999999774,52.85421639929898,96.42886120257741
36695.031,MissionNav,2.1746993825122183,50.0,95.56999999999773,52.89783492365507,95.9592918716575
36695.046,MissionNav,2.1832316773133513,50.0,95.55999999999773,52.943959161898306,96.4019102187211
36695.062,MissionNav,2.1828218933279566,50.0,95.54999999999772,52.98794332913068,96.81623269885696
36695.078,MissionNav,2.1842653440888196,50.0,95.53999999999772,53.02411224602205,96.92828659964339
36695.078,MissionNav,2.1981730544722184,50.0,95.52999999999771,53.04486959582167,96.94789766932229
36695.093,MissionNav,2.2105251969164623,50.0,95.51999999999771,53.0822675299558,97.21398521573975
36695.109,MissionNav,2.222315365550597,50.0,95.5099999999977,53.095350017183094,96.99966833175829
36695.125,MissionNav,2.2299834746271894,50.0,95.4999999999977,53.13494617899021,97.12777310107353
36695.14,MissionNav,2.2287819088367686,50.0,95.48999999999769,53.17469273884217,96.83529052072426
36695.14,MissionNav,2.2443053568529976,50.0,95.47999999999769,53.196191238752526,96.59894210199346
36695.156,MissionNav,2.2395161687716367,50.0,95.46999999999768,53.23738245502428,96.74803821681903
36695.171,MissionNav,2.234315790285603,50.0,95.45999999999768,53.255164729538045,96.29935574083947
36695.187,MissionNav,2.249150332131409,50.0,95.44999999999767,53.27854162979429,96.4844490511301
36695.203,MissionNav,2.2449335572143156,50.0,95.43999999999767,53.30040779916365,96.54268194598973
36695.203,MissionNav,2.2630249904538986,50.0,95.42999999999766,53.335038674765684,96.88304165773604
36695.218,MissionNav,2.2660622407083255,50.0,95.41999999999766,53.353772977832584,96.99632225335095
36695.234,MissionNav,2.270607221673703,50.0,95.40999999999765,53.38444712696455,96.62540657522501
36695.25,MissionNav,2.2779570468729724,50.0,95.39999999999765,53.39961680304256,96.6203068301868
36695.25,MissionNav,2.2698814306522803,50.0,95.38999999999764,53.446296928955604,96.94272696238026
36695.265,MissionNav,2.280815776926222,50.0,95.37999999999764,53.47509635569189,96.75485439721342
36695.281,MissionNav,2.284366375120049,50.0,95.36999999999763,53.49313795661846,96.36806909917463
36695.296,MissionNav,2.287791951288039,50.0,95.35999999999763,53.538294080506134,96.14943361677538
36695.296,MissionNav,2.3063291076881836,50.0,95.34999999999762,53.58684695530158,95.67530374423792
36695.312,MissionNav,2.3208861629314725,50.0,95.33999999999762,53.63363829211438,96.07392178155138
36695.328,MissionNav,2.324308099671809,50.0,95.32999999999761,53.67159980315186,96.10857908855814
36695.343,MissionNav,2.320174566889122,50.0,95.3199999999976,53.685873816133935,96.160087719998
36695.359,MissionNav,2.336072553350629,50.0,95.3099999999976,53.71622818600238,95.77182686156391
36695.359,MissionNav,2.354509920155244,50.0,95.2999999999976,53.74049537843165,95.43175516664013
36695.375,MissionNav,2.3594770206730256,50.0,95.28999999999759,53.766696252788364,95.34846776577182
36695.39,MissionNav,2.3498690707756906,50.0,95.27999999999759,53.79276467708284,95.33397906020006
36695.406,MissionNav,2.346853442619257,50.0,95.26999999999758,53.80480082235711,95.65706997547028
36695.406,MissionNav,2.3651520325800583,50.0,95.25999999999758,53.82668037986819,95.6148889143513
36695.421,MissionNav,2.36695636332315,50.0,95.24999999999757,53.858956159895286,96.04814666335467
36695.437,MissionNav,2.364328709092526,50.0,95.23999999999756,53.87142999279293,96.4715399668261
36695.453,MissionNav,2.3734098480184103,50.0,95.22999999999756,53.890115229511665,96.67889708311442
36695.453,MissionNav,2.3750099999807373,50.0,95.21999999999755,53.939194425753044,96.98674129697018
36695.468,MissionNav,2.3828079096560737,50.0,95.20999999999755,53.96294872214527,97.0478063774034
36695.484,MissionNav,2.389101802781226,50.0,95.19999999999754,53.9903580621902,96.9203421707973
36695.5,MissionNav,2.4047826216974935,50.0,95.18999999999754,54.01069851055617,96.77906211979119
36695.5,MissionNav,2.4180930415432873,50.0,95.17999999999753,54.050290298303274,96.8316879996772
36695.515,MissionNav,2.4149665194800707,50.0,95.16999999999753,54.064667810471114,96.98225768029943
36695.531,MissionNav,2.409672097215712,50.0,95.15999999999752,54.10881664826261,97.34535452243502
36695.546,MissionNav,2.413075773927696,50.0,95.14999999999752,54.15658560442942,97.31781534746212
36695.546,MissionNav,2.418668493704691,50.0,95.13999999999751,54.17238111691233,97.74927610954524
36695.578,MissionNav,2.437220367106044,50.0,95.12999999999751,54.19181297076363,97.9732162792469
36695.578,MissionNav,2.4448261554898254,50.0,95.1199999999975,54.221186605306116,97.5597224569186
36695.593,MissionNav,2.448016292459274,50.0,95.1099999999975,54.236061624491605,97.7651518268645
36695.609,MissionNav,2.4523179402918127,50.0,95.0999999999975,54.26625459681872,97.67137982171465
36695.625,MissionNav,2.4671127986290236,50.0,95.08999999999749,54.2859233689524,97.22171561928184
36695.625,MissionNav,2.4611532045022737,50.0,95.07999999999748,54.29782903290267,97.52897101703209
36695.64,MissionNav,2.47261156289592,50.0,95.06999999999748,54.34055643285104,97.56895699819555
36695.656,MissionNav,2.479076317426409,50.0,95.05999999999747,54.387284571893694,98.04083153964501
36695.671,MissionNav,2.479164558326109,50.0,95.04999999999747,54.39804548153236,98.32013402187555
36695.671,MissionNav,2.4702460566219204,50.0,95.03999999999746,54.43909412471793,98.27366291168309
36695.687,MissionNav,2.487283783938658,50.0,95.02999999999746,54.46711208082992,98.58393016822751
36695.703,MissionNav,2.4850811535919934,50.0,95.01999999999745,54.497575187674926,98.57586109681462
36695.718,MissionNav,2.489622177392603,50.0,95.00999999999745,54.525055370190614,98.67756512724132
36695.718,MissionNav,2.5028430055732143,50.0,94.99999999999744,54.54747190848745,98.19809780842998
36695.734,MissionNav,2.4955960245297772,50.0,94.98999999999744,54.560470785329535,97.73523851077859
36695.75,MissionNav,2.4861719359009444,50.0,94.97999999999743,54.59223239284601,98.20376509565784
36695.765,MissionNav,2.5008370282705044,50.0,94.96999999999743,54.61358645014286,98.67563835279219
36695.765,MissionNav,2.5117899091387415,50.0,94.95999999999742,54.63112816468514,98.4435770847999
36695.781,MissionNav,2.5160330425358133,50.0,94.94999999999742,54.64402197072502,98.35411109751338
36695.812,MissionNav,2.524721857101332,50.0,94.93999999999741,54.67837099963515,97.9938330893005
36695.828,MissionNav,2.526329745288288,50.0,94.9299999999974,54.70360874329575,97.83074996349914
36695.828,MissionNav,2.5367573610740735,50.0,94.9199999999974,54.71508594953033,97.92178388359956
36695.843,MissionNav,2.5484298395024747,50.0,94.9099999999974,54.733783055431296,97.63786794252582
36695.859,MissionNav,2.541499342867622,50.0,94.89999999999739,54.76840789579927,98.13451916606202
36695.875,MissionNav,2.5465908619322595,50.0,94.88999999999739,54.81478306176971,98.46542483811528
36695.875,MissionNav,2.54664433975928,50.0,94.87999999999738,54.8291990812482,98.45688559581882
36695.89,MissionNav,2.548046265711842,50.0,94.86999999999738,54.83957727798589,98.86187665110191
36695.906,MissionNav,2.539239443054972,50.0,94.85999999999737,54.87716275428038,99.02302991265833
36695.921,MissionNav,2.550702764828482,50.0,94.84999999999737,54.925693998520586,98.72038538548044
36695.937,MissionNav,2.541699419446393,50.0,94.83999999999736,54.970005580254075,99.21502226709742
36695.937,MissionNav,2.532106439651767,50.0,94.82999999999736,54.98670393244,98.95803720527883
36695.953,MissionNav,2.5225174268567208,50.0,94.81999999999735,55.0164939071002,98.85166581611435
36695.968,MissionNav,2.532844057949137,50.0,94.80999999999734,55.031734265012574,98.7480158181224
36695.984,MissionNav,2.5281698995443103,50.0,94.79999999999734,55.0804370495285,98.82244064793474
36695.984,MissionNav,2.526568791677232,50.0,94.78999999999733,55.12486354940266,98.64989401073751
36696.0,MissionNav,2.5398045571391807,50.0,94.77999999999733,55.136313554951435,98.21215878024266
36696.015,MissionNav,2.5513374036357246,50.0,94.76999999999732,55.184322698483584,98.45581656957492
36696.031,MissionNav,2.554857143177087,50.0,94.75999999999732,55.196003239786585,98.0900154434529
36696.046,MissionNav,2.563328443484108,50.0,94.74999999999731,55.22425779382175,98.46673545183855
36696.046,MissionNav,2.5597993258280205,50.0,94.73999999999731,55.26815844113971,98.456861202714
36696.062,MissionNav,2.579573856829935,50.0,94.7299999999973,55.28724656266787,98.48728898239303
36696.078,MissionNav,2.580983252800755,50.0,94.7199999999973,55.336385883533346,98.95617521165947
36696.093,MissionNav,2.590322791348415,50.0,94.7099999999973,55.37833693747662,98.99314919314968
36696.093,MissionNav,2.605514429871121,50.0,94.69999999999729,55.39224000201726,98.79897868924948
36696.109,MissionNav,2.5981691851118587,50.0,94.68999999999728,55.41723041614155,98.34207479748137
36696.125,MissionNav,2.6068966298100924,50.0,94.67999999999728,55.43558427132852,98.30449580584957
36696.14,MissionNav,2.605249704530077,50.0,94.66999999999727,55.45134069302152,98.38207077392396
36696.156,MissionNav,2.6002257465226983,50.0,94.65999999999727,55.475760209348536,98.65583098403283
36696.171,MissionNav,2.6010543037631018,50.0,94.64999999999726,55.51901295704571,99.08273808233781
36696.171,MissionNav,2.600515772595627,50.0,94.63999999999726,55.56586959043105,98.65409638501568
36696.187,MissionNav,2.6200194340585967,50.0,94.62999999999725,55.605922291250174,99.067106192904
36696.203,MissionNav,2.6254893725134276,50.0,94.61999999999725,55.62499391738008,99.15753579187516
36696.218,MissionNav,2.6282150140336404,50.0,94.60999999999724,55.6385078484281,99.18210523673386
36696.218,MissionNav,2.6397342978566254,50.0,94.59999999999724,55.67194603031882,99.55338426789785
36696.234,MissionNav,2.6410933068233775,50.0,94.58999999999723,55.68293080904585,99.56695377582257
36696.25,MissionNav,2.635816090444948,50.0,94.57999999999723,55.727789220744704,99.37679459061602
36696.265,MissionNav,2.6262528490764607,50.0,94.56999999999722,55.74083219130027,99.07175271739447
36696.265,MissionNav,2.628465755080848,50.0,94.55999999999722,55.76483664847738,99.41619204307798
36696.281,MissionNav,2.6222124316739976,50.0,94.54999999999721,55.790596434615814,99.5854554247645
36696.296,MissionNav,2.6421735070707384,50.0,94.5399999999972,55.82483068847543,99.58320412529064
36696.312,MissionNav,2.650973883662305,50.0,94.5299999999972,55.86712715856381,99.54625700696897
36696.312,MissionNav,2.6617639409249887,50.0,94.5199999999972,55.88219956605483,99.89334990773904
36696.328,MissionNav,2.6538108905309152,50.0,94.50999999999719,55.909551089006264,99.5882458261278
36696.343,MissionNav,2.667924711478974,50.0,94.49999999999719,55.937845511580875,99.1563001001254
36696.375,MissionNav,2.6712812631822467,50.0,94.48999999999718,55.95932793425165,99.59139001370828
36696.375,MissionNav,2.6884895260716393,50.0,94.47999999999718,55.998559202480344,99.3886915548915
36696.39,MissionNav,2.6905444396388303,50.0,94.46999999999717,56.026511211831014,99.37838378652695
36696.406,MissionNav,2.6864636040669225,50.0,94.45999999999717,56.06028922042445,99.4307834049139
36696.421,MissionNav,2.6964488475630413,50.0,94.44999999999716,56.081820474984774,99.60176349163561
36696.421,MissionNav,2.7111369203463505,50.0,94.43999999999716,56.12373591344498,99.11655359376257
36696.437,MissionNav,2.7141728435774986,50.0,94.42999999999715,56.160069281554385,99.01009332304422
36696.453,MissionNav,2.7160788888832568,50.0,94.41999999999715,56.183421011264045,99.13734994207036
36696.468,MissionNav,2.728905044777028,50.0,94.40999999999714,56.21386773310367,98.94778910565385
36696.468,MissionNav,2.719693484110105,50.0,94.39999999999714,56.261656906661926,98.74052684289062
36696.484,MissionNav,2.738013613348034,50.0,94.38999999999713,56.28406347123412,98.2897736692373
36696.5,MissionNav,2.7462286612745603,50.0,94.37999999999712,56.29520540657398,98.58617068284951
36696.515,MissionNav,2.74324965074015,50.0,94.36999999999712,56.30579071091514,98.22868437027854
36696.515,MissionNav,2.745253445451073,50.0,94.35999999999711,56.34654319089625,98.50860040216163
36696.531,MissionNav,2.740932497931496,50.0,94.34999999999711,56.37711535689776,98.89180582215411
36696.546,MissionNav,2.74041746198327,50.0,94.3399999999971,56.399957061719,98.43542584816076
36696.562,MissionNav,2.747467889363072,50.0,94.3299999999971,56.43471574969305,98.33409776250257
36696.562,MissionNav,2.7545768410255858,50.0,94.3199999999971,56.45790960318844,98.5693052399261
36696.578,MissionNav,2.760485083863102,50.0,94.30999999999709,56.49398867530578,98.07664917052725
36696.593,MissionNav,2.7508556150004964,50.0,94.29999999999708,56.52303183279093,98.19371707179255
36696.609,MissionNav,2.7642063934882692,50.0,94.28999999999708,56.55404735116897,98.01422355170406
36696.625,MissionNav,2.767463275356458,50.0,94.27999999999707,56.57782588213062,98.21653134564531
36696.625,MissionNav,2.7598459496162238,50.0,94.26999999999707,56.62351874825366,97.79896104398009
36696.64,MissionNav,2.7532363559336592,50.0,94.25999999999706,56.666782148118926,97.30912588712175
36696.656,MissionNav,2.7654640945480606,50.0,94.24999999999706,56.677971391338694,96.82887915799164
36696.671,MissionNav,2.772251741626516,50.0,94.23999999999705,56.70665383245433,96.35342828409009
36696.687,MissionNav,2.768509008666752,50.0,94.22999999999705,56.73686649771508,96.8471538576816
36696.703,MissionNav,2.7746080638684094,50.0,94.21999999999704,56.78263865932629,96.41393502150432
36696.718,MissionNav,2.7942039221157264,50.0,94.20999999999704,56.80552519287041,96.89308532833053
36696.718,MissionNav,2.7940910912851553,50.0,94.19999999999703,56.83402040084956,97.32715429537677
36696.734,MissionNav,2.801654238641396,50.0,94.18999999999703,56.88145159734776,96.8415680591102
36696.75,MissionNav,2.8205658622514944,50.0,94.17999999999702,56.92492679499531,96.76256092758861
36696.765,MissionNav,2.8221507775750103,50.0,94.16999999999702,56.97145778395975,96.99065897938414
36696.781,MissionNav,2.8367331778373854,50.0,94.15999999999701,57.009968990712316,96.63498669836724
36696.781,MissionNav,2.8281468439511745,50.0,94.14999999999701,57.052708470351135,96.53935355225637
36696.796,MissionNav,2.843554505466028,50.0,94.139999999997,57.07655689377071,96.84880905977296
36696.812,MissionNav,2.8587201428316233,50.0,94.129999999997,57.115642639409764,96.34942589522883
36696.828,MissionNav,2.8606073874063846,50.0,94.11999999999699,57.13155535404599,96.53447640534127
36696.828,MissionNav,2.8591651840985493,50.0,94.10999999999699,57.145943462941595,96.23615580478832
36696.843,MissionNav,2.857852569568971,50.0,94.09999999999698,57.17441576612078,95.95004123066082
36696.859,MissionNav,2.8567284880497708,50.0,94.08999999999698,57.19838853642162,96.22161585322516
36696.875,MissionNav,2.864396578379816,50.0,94.07999999999697,57.22575474136167,96.64296256121729
36696.875,MissionNav,2.8557329541681935,50.0,94.06999999999697,57.252973925557804,96.35767903835095
36696.89,MissionNav,2.84613116856687,50.0,94.05999999999696,57.283199298246586,96.6307329072569
36696.906,MissionNav,2.863793778973758,50.0,94.04999999999696,57.31161552947387,97.10559496853712
36696.937,MissionNav,2.8701437654340762,50.0,94.03999999999695,57.3295287626433,97.46573374762458
36696.937,MissionNav,2.8855975567272916,50.0,94.02999999999695,57.34111569815696,97.41766817974691
36696.953,MissionNav,2.9047671634369623,50.0,94.01999999999694,57.35598827515286,97.65504707290104
36696.968,MissionNav,2.906699091916164,50.0,94.00999999999694,57.39731543320336,97.78880873505305
36696.984,MissionNav,2.89776799462348,50.0,93.99999999999693,57.420102498398506,97.32680808554926
36696.984,MissionNav,2.8946461104153385,50.0,93.98999999999693,57.46768376681378,97.15464142851091
36697.0,MissionNav,2.9143887753101145,50.0,93.97999999999692,57.505712810371854,96.74259105455843
36697.015,MissionNav,2.927618357089576,50.0,93.96999999999692,57.5319679251415,96.83153638603193
36697.031,MissionNav,2.9251300303402603,50.0,93.95999999999691,57.57941763434963,97.02155974712669
36697.031,MissionNav,2.915542335688412,50.0,93.9499999999969,57.62716030598324,96.66344890023052
36697.046,MissionNav,2.9151748177333703,50.0,93.9399999999969,57.67265870749686,97.07508990932962
36697.062,MissionNav,2.9213775486978686,50.0,93.9299999999969,57.70023518103093,97.28738806268187
36697.078,MissionNav,2.911479383250949,50.0,93.91999999999689,57.714580644077856,97.16811893953407
36697.078,MissionNav,2.904366246248927,50.0,93.90999999999688,57.73600830159857,96.71292606554826
36697.093,MissionNav,2.9133466160015065,50.0,93.89999999999688,57.78181110783657,96.43935111634148
36697.109,MissionNav,2.924650755399113,50.0,93.88999999999687,57.831753758769324,96.15033147657509
36697.125,MissionNav,2.920267949054709,50.0,93.87999999999687,57.874277820789274,96.38709605178454
36697.14,MissionNav,2.917305834254865,50.0,93.86999999999686,57.91051565935548,96.35989392138218
36697.156,MissionNav,2.9101514837006834,50.0,93.85999999999686,57.959506028069306,96.42543355028118
36697.171,MissionNav,2.9227113229726656,50.0,93.84999999999685,58.00197955371115,96.46747162880388
36697.171,MissionNav,2.939655377979124,50.0,93.83999999999685,58.048118930119685,96.25663435824474
36697.187,MissionNav,2.9584866460855093,50.0,93.82999999999684,58.08626776067309,96.45621738856724
36697.203,MissionNav,2.9590593801933114,50.0,93.81999999999684,58.10830994882581,96.29146293545256
36697.218,MissionNav,2.9604620974513565,50.0,93.80999999999683,58.12617312119826,96.76731078659006
36697.234,MissionNav,2.976996030874522,50.0,93.79999999999683,58.15282279711195,96.83911479305362
36697.234,MissionNav,2.9795007274228973,50.0,93.78999999999682,58.17563963250132,97.2606642421529
36697.25,MissionNav,2.9962748940341277,50.0,93.77999999999682,58.20040948437427,96.80877312086952
36697.265,MissionNav,2.991146037551624,50.0,93.76999999999681,58.233415891820925,97.27809837545989
36697.281,MissionNav,2.9981080228011123,50.0,93.75999999999681,58.274438467089176,97.0640579908632
36697.281,MissionNav,2.990560184751407,50.0,93.7499999999968,58.29260450786148,96.86813446321153
36697.296,MissionNav,2.984495607364549,50.0,93.7399999999968,58.32061982508184,97.19979437457425
36697.312,MissionNav,2.9824968502834834,50.0,93.72999999999679,58.33085756863332,97.29986920855244
36697.328,MissionNav,2.9846895855444395,50.0,93.71999999999679,58.343800289834924,97.58291089133948
36697.328,MissionNav,3.0041764650240568,50.0,93.70999999999678,58.354256135943785,97.83413823723671
36697.343,MissionNav,3.0094875961984724,50.0,93.69999999999678,58.37204341550987,97.60758991958943
36697.359,MissionNav,3.0193813334188753,50.0,93.68999999999677,58.416990334225005,97.4559262737824
36697.375,MissionNav,3.028672814204662,50.0,93.67999999999677,58.46615937085953,97.322552284593
36697.39,MissionNav,3.0298360261933133,50.0,93.66999999999676,58.50688006967285,97.58810295401064
36697.39,MissionNav,3.023181015647653,50.0,93.65999999999676,58.540318606190304,98.05653730144633
36697.406,MissionNav,3.0178914076744197,50.0,93.64999999999675,58.55685776856146,98.22102105634322
36697.421,MissionNav,3.0356112293856428,50.0,93.63999999999675,58.58843387311183,98.20172576112327
36697.437,MissionNav,3.036321905281947,50.0,93.62999999999674,58.62652884110259,98.63546703636145
36697.453,MissionNav,3.0355703774663194,50.0,93.61999999999674,58.653598613479005,98.78480723913434
36697.453,MissionNav,3.02765486439137,50.0,93.60999999999673,58.66682618877145,99.12966936171091
36697.468,MissionNav,3.042903962069778,50.0,93.59999999999673,58.71263528384527,99.43532248758173
36697.484,MissionNav,3.034384791386707,50.0,93.58999999999672,58.75219522566492,99.92317708554201
36697.5,MissionNav,3.049051375507451,50.0,93.57999999999672,58.766161175816144,100.32281477890163
36697.515,MissionNav,3.050308789937716,50.0,93.56999999999671,58.785446743782956,100.60605833611004
36697.531,MissionNav,3.0451510488902263,50.0,93.5599999999967,58.801265845018705,100.9533395566817
36697.531,MissionNav,3.0398253904634402,50.0,93.5499999999967,58.81305958853035,100.72472411788974
36697.546,MissionNav,3.0315258288497824,50.0,93.5399999999967,58.828817191751156,101.05599656824653
36697.562,MissionNav,3.0435174641929903,50.0,93.52999999999669,58.86391969596341,101.14388360449215
36697.578,MissionNav,3.0413722128824925,50.0,93.51999999999668,58.89649555552167,100.90157823233329
36697.593,MissionNav,3.0456915177497303,50.0,93.50999999999668,58.91652900386763,101.34838605994047
36697.593,MissionNav,3.0416660132064504,50.0,93.49999999999667,58.9652037412001,101.65811479508172
36697.609,MissionNav,3.0408079225191216,50.0,93.48999999999667,58.99569990270523,101.60241654200414
36697.625,MissionNav,3.037866036732447,50.0,93.47999999999666,59.01754460776281,101.5738786165486
36697.64,MissionNav,3.0429831289490363,50.0,93.46999999999666,59.03396900391372,101.9965103110705
36697.656,MissionNav,3.049680915307147,50.0,93.45999999999665,59.07502173450083,102.15926028769685
36697.671,MissionNav,3.0403769295494203,50.0,93.44999999999665,59.08926504688991,102.57799058501787
36697.671,MissionNav,3.052723820212789,50.0,93.43999999999664,59.11300483756993,102.96675079645944
36697.687,MissionNav,3.0572617895374194,50.0,93.42999999999664,59.13056218299692,102.5467243005016
36697.703,MissionNav,3.0732132648649744,50.0,93.41999999999663,59.15892426201602,102.3535277093386
36697.718,MissionNav,3.087143834881718,50.0,93.40999999999663,59.18927939026239,102.50804487064231
36697.734,MissionNav,3.1059810123475255,50.0,93.39999999999662,59.20842703683525,102.58500348657418
36697.75,MissionNav,3.1179078855076074,50.0,93.38999999999662,59.2507993163635,102.40355184254325
36697.765,MissionNav,3.119379460985168,50.0,93.37999999999661,59.27794623303318,102.14093185679145
36697.781,MissionNav,3.1344559406661356,50.0,93.36999999999661,59.32376182074901,101.82626011415371
36697.796,MissionNav,3.1376647352886438,50.0,93.3599999999966,59.33689510091661,101.50143044511235
36697.812,MissionNav,3.13456194342973,50.0,93.3499999999966,59.360087216178975,101.58843744527732
36697.812,MissionNav,3.1363540608828027,50.0,93.33999999999659,59.39943926624452,101.60884046041468
36697.828,MissionNav,3.1419060928717006,50.0,93.32999999999659,59.41360673365496,101.16100228398557
36697.843,MissionNav,3.1614336949219966,50.0,93.31999999999658,59.426827039654775,100.68519722434161
36697.859,MissionNav,3.179965178517976,50.0,93.30999999999658,59.47181272779745,100.23122970596208
36697.89,MissionNav,3.1762552173210272,50.0,93.29999999999657,59.49821440988372,100.33801634418982
36697.906,MissionNav,3.192757010387727,50.0,93.28999999999657,59.53433333530697,100.35076077514844
36697.921,MissionNav,3.1960652960056626,50.0,93.27999999999656,59.58110822992098,100.41553715064232
36697.921,MissionNav,3.2090556588607475,50.0,93.26999999999656,59.61362522929793,100.28723199907539
36697.937,MissionNav,3.199965709554002,50.0,93.25999999999655,59.64338435192443,99.80536500141368
36697.953,MissionNav,3.203232188402419,50.0,93.24999999999655,59.68590062009662,99.50485573523886
36697.968,MissionNav,3.218513842569828,50.0,93.23999999999654,59.734977493365314,99.02599575241935
36697.984,MissionNav,3.2334326662141644,50.0,93.22999999999654,59.78425281960863,98.75092801433323
36698.0,MissionNav,3.248988281533398,50.0,93.21999999999653,59.83333646865315,98.59934621060233
36698.015,MissionNav,3.2574293977887656,50.0,93.20999999999653,59.86093142482287,99.0035619977933
36698.031,MissionNav,3.2654399874288407,50.0,93.19999999999652,59.90356468042032,98.88183130773963
36698.046,MissionNav,3.2690117447119933,50.0,93.18999999999652,59.916993049840706,99.08272179769739
36698.046,MissionNav,3.2731659876390595,50.0,93.17999999999651,59.95750446256375,99.21212488266762
36698.062,MissionNav,3.284865247841731,50.0,93.1699999999965,59.994765535810714,98.86314063200524
36698.078,MissionNav,3.2871763451432323,50.0,93.1599999999965,60.03885860144954,99.13720517225528
36698.093,MissionNav,3.283982699521231,50.0,93.1499999999965,60.078175479719256,99.32027093759945
36698.109,MissionNav,3.3011251611235117,50.0,93.13999999999649,60.08958054730832,99.7565809402624
36698.14,MissionNav,3.2996803664898846,50.0,93.12999999999649,60.126609734729286,100.00186469926933
36698.156,MissionNav,3.3004206858006784,50.0,93.11999999999648,60.17061022564658,99.522853910961
36698.171,MissionNav,3.3109661057524975,50.0,93.10999999999648,60.22003230974769,99.47743230365582
36698.187,MissionNav,3.3011863931065584,50.0,93.09999999999647,60.25095125162898,99.73702140077259
36698.187,MissionNav,3.3030292842701896,50.0,93.08999999999646,60.285067146338264,100.02138363981966
36698.203,MissionNav,3.3155289591034647,50.0,93.07999999999646,60.32458164086075,100.21408618934984
36698.218,MissionNav,3.3293389255355534,50.0,93.06999999999645,60.34336361006504,100.0142391983752
36698.234,MissionNav,3.3278523926973804,50.0,93.05999999999645,60.353977259901704,99.7783568368985
36698.234,MissionNav,3.3396331179407217,50.0,93.04999999999644,60.36563855096775,99.49849755995484
36698.25,MissionNav,3.3454119338473296,50.0,93.03999999999644,60.380220613536785,99.71656594617497
36698.265,MissionNav,3.3467094527997756,50.0,93.02999999999643,60.412226671262324,99.86571463252311
36698.281,MissionNav,3.352598684275335,50.0,93.01999999999643,60.45887081363639,100.25895327474309
36698.296,MissionNav,3.3509976728101063,50.0,93.00999999999642,60.486482634402726,99.96172672157995
36698.296,MissionNav,3.341453040440001,50.0,92.99999999999642,60.51510245018999,100.21885216472296
36698.312,MissionNav,3.33161787619001,50.0,92.98999999999641,60.52536570121005,100.6665729382166
36698.328,MissionNav,3.344205057773704,50.0,92.97999999999641,60.547305485129385,100.81067788297912
36698.343,MissionNav,3.3619773960168,50.0,92.9699999999964,60.596443248032095,101.20611955578367
36698.359,MissionNav,3.3746326425199915,50.0,92.9599999999964,60.646073651239,101.02765752328168
36698.375,MissionNav,3.386538236859607,50.0,92.9499999999964,60.66020200481118,101.21727990035056
36698.39,MissionNav,3.3811496623220756,50.0,92.93999999999639,60.690507507201865,101.24190942032777
36698.406,MissionNav,3.3731339704121845,50.0,92.92999999999638,60.72397652455742,101.35377973651377
36698.406,MissionNav,3.3901576412571246,50.0,92.91999999999638,60.753148598091656,101.52468206665186
36698.421,MissionNav,3.408935809310727,50.0,92.90999999999637,60.794563072171655,101.17403484171275
36698.437,MissionNav,3.40548917178374,50.0,92.89999999999637,60.81223466653548,101.27687279412827
36698.453,MissionNav,3.398987559626336,50.0,92.88999999999636,60.833152196561045,100.94578963636297
36698.468,MissionNav,3.4177539138716733,50.0,92.87999999999636,60.85311396559354,100.54045367722361
36698.484,MissionNav,3.4277323701567726,50.0,92.86999999999635,60.88781999182978,100.38308373029604
36698.484,MissionNav,3.4228530535241393,50.0,92.85999999999635,60.93502369800103,99.95424097922532
36698.5,MissionNav,3.4384355611596145,50.0,92.84999999999634,60.948082499771466,99.49034701281717
36698.515,MissionNav,3.43179985834201,50.0,92.83999999999634,60.995962242858084,99.87770693985136
36698.546,MissionNav,3.442259155860209,50.0,92.82999999999633,61.0391496632191,99.5361166187061
36698.562,MissionNav,3.4459245856095047,50.0,92.81999999999633,61.068043209329325,99.75634619949696
36698.562,MissionNav,3.459303607823744,50.0,92.80999999999632,61.111938910802635,99.80219851027064
36698.578,MissionNav,3.4615124083399347,50.0,92.79999999999632,61.12794235979843,99.9605325153802
36698.593,MissionNav,3.4756626998969495,50.0,92.78999999999631,61.175743154280724,100.43777221828078
36698.609,MissionNav,3.486052612428147,50.0,92.7799999999963,61.216070375586455,100.11039890100973
36698.625,MissionNav,3.4932885857219818,50.0,92.7699999999963,61.235752605036,99.8283961253884
36698.64,MissionNav,3.495312169729068,50.0,92.7599999999963,61.24665405277692,99.93870711705561
36698.64,MissionNav,3.5114969448055495,50.0,92.74999999999629,61.26223884490374,100.4043936446833
36698.656,MissionNav,3.5270296415917177,50.0,92.73999999999629,61.280040894123374,100.65901314914646
36698.671,MissionNav,3.5468856822903683,50.0,92.72999999999628,61.30237586669648,100.24769292697783
36698.687,MissionNav,3.565464947667835,50.0,92.71999999999628,61.34459689225589,100.4816658657411
36698.703,MissionNav,3.5714401549316395,50.0,92.70999999999627,61.38993836401972,100.2857452390892
36698.718,MissionNav,3.5847736008294735,50.0,92.69999999999627,61.40146467501181,100.07869832099819
36698.734,MissionNav,3.593269353607189,50.0,92.68999999999626,61.43566755038621,100.05741094234219
36698.734,MissionNav,3.5940463881700477,50.0,92.67999999999626,61.46367112512662,99.6992677642847
36698.75,MissionNav,3.586495488260651,50.0,92.66999999999625,61.51296387353569,99.46137644626683
36698.765,MissionNav,3.579179402448611,50.0,92.65999999999624,61.548557096657206,99.70807648257552
36698.781,MissionNav,3.581675215184964,50.0,92.64999999999624,61.571531659879966,100.17146308635799
36698.796,MissionNav,3.571909918787837,50.0,92.63999999999623,61.61179515725794,100.59290833841477
36698.828,MissionNav,3.565323217390548,50.0,92.62999999999623,61.647950426100415,100.17007946544567
36698.843,MissionNav,3.5561437091761903,50.0,92.61999999999622,61.67097686641113,99.73130196519588
36698.859,MissionNav,3.5648678986055553,50.0,92.60999999999622,61.68959574038604,99.50604006123551
36698.875,MissionNav,3.5703802598754697,50.0,92.59999999999621,61.721261088366695,99.45888833091978
36698.89,MissionNav,3.5732009099526887,50.0,92.58999999999621,61.7693729228342,99.50736047904012
36698.906,MissionNav,3.5661138618559867,50.0,92.5799999999962,61.81778141136626,99.55104255193612
36698.906,MissionNav,3.5724615418345325,50.0,92.5699999999962,61.85626936093469,99.79840275599882
36698.937,MissionNav,3.590360828905486,50.0,92.5599999999962,61.87360033903603,99.45391998347942
36698.953,MissionNav,3.609689434031463,50.0,92.54999999999619,61.911987420099656,99.33781027834529
36699.0,MissionNav,3.618684812846669,50.0,92.53999999999618,61.92442848511284,99.47434052843222
36699.015,MissionNav,3.6221763882693723,50.0,92.52999999999618,61.94028930479302,99.73373871804583
36699.031,MissionNav,3.6212134674167427,50.0,92.51999999999617,61.98891277614326,99.96335599443066
36699.031,MissionNav,3.6118839684765423,50.0,92.50999999999617,62.00209114271932,100.46156292047847
36699.046,MissionNav,3.6154834837244567,50.0,92.49999999999616,62.03049718001708,100.72812525561783
36699.062,MissionNav,3.635241494672923,50.0,92.48999999999616,62.05571835963011,100.60803498186488
36699.062,MissionNav,3.640994577229462,50.0,92.47999999999615,62.10148427195574,100.77940097219448
36699.078,MissionNav,3.6331280648522846,50.0,92.46999999999615,62.11556756904284,100.92441876261033
36699.093,MissionNav,3.626399510739744,50.0,92.45999999999614,62.15514276994596,100.60804746205051
36699.109,MissionNav,3.626105923036423,50.0,92.44999999999614,62.18055498858388,100.35291930418816
36699.109,MissionNav,3.6274755635141354,50.0,92.43999999999613,62.21049777060554,100.73980857464775
36699.125,MissionNav,3.640757909550071,50.0,92.42999999999613,62.24044805390667,100.5874761983196
36699.14,MissionNav,3.6470030742225656,50.0,92.41999999999612,62.27658413551922,101.0804758452669
36699.156,MissionNav,3.646691003843757,50.0,92.40999999999612,62.28702938201959,101.07157719542843
36699.156,MissionNav,3.6524359871382512,50.0,92.39999999999611,62.32340891748371,101.0724097776213
36699.171,MissionNav,3.653388816851834,50.0,92.3899999999961,62.34162338415974,101.48880122150274
36699.187,MissionNav,3.651711376085677,50.0,92.3799999999961,62.38963532029874,101.23191082235432
36699.187,MissionNav,3.649392773668261,50.0,92.3699999999961,62.413598534029234,101.04636340993193
36699.203,MissionNav,3.6422344701555285,50.0,92.35999999999609,62.447486707715996,100.82256805302818
36699.218,MissionNav,3.636223874256383,50.0,92.34999999999609,62.488178606253626,100.86868866411015
36699.234,MissionNav,3.65309164832719,50.0,92.33999999999608,62.505836006416395,101.00223145848803
36699.234,MissionNav,3.6481154637702904,50.0,92.32999999999608,62.53910770611548,101.23107190592697
36699.25,MissionNav,3.6585889252705655,50.0,92.31999999999607,62.55433758633028,101.45462302855158
36699.265,MissionNav,3.666023719977565,50.0,92.30999999999607,62.57359389113176,101.71090671681294
36699.281,MissionNav,3.65646573477146,50.0,92.29999999999606,62.60246170136891,101.50650970550392
36699.281,MissionNav,3.6507860742058402,50.0,92.28999999999606,62.626189302644974,101.34719832213385
36699.296,MissionNav,3.6594466964009422,50.0,92.27999999999605,62.66713746779584,100.94646059277619
36699.312,MissionNav,3.6766451444497172,50.0,92.26999999999605,62.716318316305205,101.22823831021219
36699.328,MissionNav,3.669382137216578,50.0,92.25999999999604,62.72915087974315,101.1791064946063
36699.328,MissionNav,3.665707340256427,50.0,92.24999999999604,62.75895964714622,101.14268538557612
36699.343,MissionNav,3.6635204978549463,50.0,92.23999999999603,62.80384032739977,100.77453329448389
36699.359,MissionNav,3.661235967275255,50.0,92.22999999999602,62.83440068941818,100.34859322638246
36699.375,MissionNav,3.673512731450721,50.0,92.21999999999602,62.8639432194979,100.10118521413519
36699.375,MissionNav,3.6799871534326654,50.0,92.20999999999601,62.910233110121645,99.84909563195403
36699.39,MissionNav,3.6758699476984416,50.0,92.19999999999601,62.93230010838619,99.35331404290554
36699.406,MissionNav,3.690382093957404,50.0,92.189999999996,62.96496190169187,99.74615520393972
36699.406,MissionNav,3.702413908548049,50.0,92.179999999996,62.979076069372184,99.6440093105877
36699.421,MissionNav,3.7174305497730598,50.0,92.169999999996,62.99630877590678,99.63202183774312
36699.437,MissionNav,3.71359209836451,50.0,92.15999999999599,63.02423287910134,99.17834943070018
36699.453,MissionNav,3.730687918081353,50.0,92.14999999999598,63.055925217984964,99.10588054128071
36699.453,MissionNav,3.734773157110796,50.0,92.13999999999598,63.092814863102724,98.62191826471954
36699.468,MissionNav,3.7377276865153504,50.0,92.12999999999597,63.11318191097,98.40817104946582
36699.484,MissionNav,3.7539130682424964,50.0,92.11999999999597,63.131575111798206,98.8131853285305
36699.484,MissionNav,3.7570499653423903,50.0,92.10999999999596,63.164202558458925,98.70568437257342
36699.5,MissionNav,3.7680874858570803,50.0,92.09999999999596,63.193823873178154,99.08270562731569
36699.515,MissionNav,3.7876133080011445,50.0,92.08999999999595,63.240999282481404,99.19968335928574
36699.531,MissionNav,3.7826716730682834,50.0,92.07999999999595,63.281055830082416,99.26242467152719
36699.531,MissionNav,3.7988190548844827,50.0,92.06999999999594,63.29746005911876,99.5939008438745
36699.546,MissionNav,3.7972498856197414,50.0,92.05999999999594,63.33439511090582,99.87289736204342
36699.562,MissionNav,3.81439763948309,50.0,92.04999999999593,63.369931099760834,99.86196846943928
36699.562,MissionNav,3.8232768282972804,50.0,92.03999999999593,63.411602588386614,99.63449486701819
36699.593,MissionNav,3.8325284238683026,50.0,92.02999999999592,63.43048308679952,99.75057307226788
36699.609,MissionNav,3.845412066354324,50.0,92.01999999999592,63.460155233283004,99.9998249085502
36699.609,MissionNav,3.861725980030528,50.0,92.00999999999591,63.50366072314059,100.0743486966258
36699.625,MissionNav,3.875795191525383,50.0,91.99999999999591,63.53825682913988,100.4671366829068
36699.64,MissionNav,3.884265776558976,50.0,91.9899999999959,63.562957711659166,100.76177509793214
36699.64,MissionNav,3.900589024717208,50.0,91.9799999999959,63.585564657366824,100.9625223527952
36699.656,MissionNav,3.9065333833347142,50.0,91.96999999999589,63.62576371057285,101.18171522456782
36699.671,MissionNav,3.924964961253883,50.0,91.95999999999589,63.64646278139234,101.09862484966297
36699.687,MissionNav,3.9380431108219764,50.0,91.94999999999588,63.69541067990429,101.51948169461653
36699.687,MissionNav,3.9424476717206263,50.0,91.93999999999588,63.72356637254689,101.12114750587425
36699.703,MissionNav,3.940690515412833,50.0,91.92999999999587,63.75909911359164,101.15067181172357
36699.718,MissionNav,3.9425677717791014,50.0,91.91999999999587,63.80332642592932,100.84039875294926
36699.734,MissionNav,3.9453149181831777,50.0,91.90999999999586,63.822644163654864,100.51818203396918
36699.734,MissionNav,3.9492737987406534,50.0,91.89999999999586,63.85257391143749,100.17887159043072
36699.75,MissionNav,3.9614126806681442,50.0,91.88999999999585,63.891336165220274,100.05691307654048
36699.765,MissionNav,3.9607756210538225,50.0,91.87999999999585,63.91124949228148,99.59310736762387
36699.781,MissionNav,3.959132597968498,50.0,91.86999999999584,63.95183370029512,99.33233714518353
36699.781,MissionNav,3.9633691562299336,50.0,91.85999999999584,63.97781504798883,99.33905218084367
36699.796,MissionNav,3.962583919487076,50.0,91.84999999999583,63.987816703843485,99.60660913771794
36699.812,MissionNav,3.975478688791221,50.0,91.83999999999583,64.01607673911734,99.39196967895094
36699.812,MissionNav,3.970380700186091,50.0,91.82999999999582,64.03516505862736,99.08275726550065
36699.828,MissionNav,3.9700667792506046,50.0,91.81999999999582,64.08160766199036,98.68564895469663
36699.843,MissionNav,3.9856260871960054,50.0,91.80999999999581,64.09846599644173,98.72719510651253
36699.859,MissionNav,3.9937041636386574,50.0,91.7999999999958,64.13350123026821,98.92463335611782
36699.859,MissionNav,4.000912856884219,50.0,91.7899999999958,64.17819548071985,99.05641260898639
36699.875,MissionNav,4.006924816605549,50.0,91.7799999999958,64.20015400193628,98.99388531399994
36699.906,MissionNav,4.012628892166603,50.0,91.76999999999579,64.23169312607831,99.12614710839634
36699.906,MissionNav,4.017650300882384,50.0,91.75999999999578,64.25861054092225,98.90772576611172
36699.921,MissionNav,4.030608877607679,50.0,91.74999999999578,64.2860854800086,98.4219627756308
36699.937,MissionNav,4.023538491649606,50.0,91.73999999999577,64.31990353513122,98.66596959713459
36699.953,MissionNav,4.0183193734159905,50.0,91.72999999999577,64.33473437192187,98.20804378097229
36699.968,MissionNav,4.013110933746041,50.0,91.71999999999576,64.36656791123487,98.17595953397654
36699.968,MissionNav,4.01895467222887,50.0,91.70999999999576,64.38174411837788,98.12429843531473
36699.984,MissionNav,4.0171240604730505,50.0,91.69999999999575,64.39961397859157,98.11494761241028
36700.015,MissionNav,4.009148453170288,50.0,91.68999999999575,64.42532551472947,98.29740426298608
36700.015,MissionNav,4.0227499155123425,50.0,91.67999999999574,64.4748540388513,98.1789468545204
36700.031,MissionNav,4.0179582916978624,50.0,91.66999999999574,64.50429117668565,97.96442215077174
36700.046,MissionNav,4.035101058148707,50.0,91.65999999999573,64.52185418427823,97.58886013451504
36700.046,MissionNav,4.027543708701096,50.0,91.64999999999573,64.53986834711549,97.34534170274333
36700.062,MissionNav,4.041034640327009,50.0,91.63999999999572,64.56190001352174,96.87651324008688
36700.078,MissionNav,4.04825789628376,50.0,91.62999999999572,64.59166489132825,96.50165607388188
36700.093,MissionNav,4.047273145634092,50.0,91.61999999999571,64.6209403108208,96.22347294636029
36700.093,MissionNav,4.052997981233086,50.0,91.60999999999571,64.63442686721113,95.87757497208167
36700.109,MissionNav,4.04598254547922,50.0,91.5999999999957,64.64979678360035,95.67967805312715
36700.125,MissionNav,4.063579254903194,50.0,91.5899999999957,64.67998648900283,95.81159055925916
36700.125,MissionNav,4.074732469091146,50.0,91.57999999999569,64.72980022266003,95.33939561484274
36700.14,MissionNav,4.0832595381670655,50.0,91.56999999999569,64.74997084793446,94.84817187574728
36700.156,MissionNav,4.082983443970065,50.0,91.55999999999568,64.78591901861053,94.75966539600404
36700.171,MissionNav,4.079149953642471,50.0,91.54999999999568,64.81048665047045,94.70747957756943
36700.187,MissionNav,4.06968004469885,50.0,91.53999999999567,64.83708607514565,94.87704580413086
36700.187,MissionNav,4.07810855836742,50.0,91.52999999999567,64.87830678571862,95.18881774172719
36700.203,MissionNav,4.074251164057534,50.0,91.51999999999566,64.89951352586887,94.71541677833947
36700.218,MissionNav,4.079780310474999,50.0,91.50999999999566,64.91392355099372,94.99919663623605
36700.218,MissionNav,4.089476057429465,50.0,91.49999999999565,64.93084349819881,95.18972512428385
36700.234,MissionNav,4.083344917211722,50.0,91.48999999999565,64.98054231200828,95.26490437354211
36700.25,MissionNav,4.080450086963472,50.0,91.47999999999564,64.99306786259264,95.3624394864225
36700.265,MissionNav,4.096016135082063,50.0,91.46999999999564,65.03440085812862,95.38544450539307
36700.265,MissionNav,4.086337681961959,50.0,91.45999999999563,65.06296079497766,95.03608357584604
36700.281,MissionNav,4.101301354670627,50.0,91.44999999999563,65.09821884836653,95.15294993517684
36700.296,MissionNav,4.1030239218869315,50.0,91.43999999999562,65.13564168636164,95.49460834622877
36700.296,MissionNav,4.122261023338854,50.0,91.42999999999562,65.14962463389782,95.98414275968989
36700.312,MissionNav,4.132039502967872,50.0,91.41999999999561,65.19475701559585,95.79238028991328
36700.328,MissionNav,4.141125774027261,50.0,91.4099999999956,65.23019096216856,96.27373099940287
36700.343,MissionNav,4.135401686768496,50.0,91.3999999999956,65.2648005680943,96.39154471636735
36700.343,MissionNav,4.148265507777901,50.0,91.3899999999956,65.28501529727333,96.09970902485375
36700.375,MissionNav,4.165666262709234,50.0,91.37999999999559,65.32847571527616,96.26445639044417
36700.39,MissionNav,4.16212055020291,50.0,91.36999999999558,65.34435703310254,96.49845992277623
36700.39,MissionNav,4.152952872854201,50.0,91.35999999999558,65.38308228607102,96.20133088704007
36700.406,MissionNav,4.154569682711294,50.0,91.34999999999557,65.40659216941968,96.5868116141499
36700.421,MissionNav,4.171022214507898,50.0,91.33999999999557,65.42673264200695,97.05021931048528
36700.421,MissionNav,4.168397214078379,50.0,91.32999999999556,65.47097324807612,97.13381796229052
36700.437,MissionNav,4.176172667181034,50.0,91.31999999999556,65.4978008088465,97.17740393345184
36700.453,MissionNav,4.194739475102522,50.0,91.30999999999555,65.54342144414548,97.44363341947195
36700.468,MissionNav,4.199843652153148,50.0,91.29999999999555,65.58477334366484,97.21530962514001
36700.484,MissionNav,4.191382204333594,50.0,91.28999999999554,65.63196725747771,97.5731352442623
36700.484,MissionNav,4.192974204605768,50.0,91.27999999999554,65.67439041140184,97.70823449521636
36700.5,MissionNav,4.2085292478268475,50.0,91.26999999999553,65.69889719285075,97.30997567630473
36700.515,MissionNav,4.2179286953404,50.0,91.25999999999553,65.731689035494,97.45260258070299
36700.531,MissionNav,4.22846458011296,50.0,91.24999999999552,65.74899483962632,97.9250795125051
36700.531,MissionNav,4.240440256773457,50.0,91.23999999999552,65.79041905329927,98.34990665454792
36700.546,MissionNav,4.236467769818294,50.0,91.22999999999551,65.81522995369423,98.80444195874526
36700.562,MissionNav,4.245770854045253,50.0,91.21999999999551,65.84873320070416,99.22317560740561
36700.562,MissionNav,4.261940023765124,50.0,91.2099999999955,65.87924559182544,99.64290613888367
36700.578,MissionNav,4.281774228973872,50.0,91.1999999999955,65.91560483864652,100.09265357237763
36700.593,MissionNav,4.293025388198143,50.0,91.18999999999549,65.96213880630425,100.42798088802616
36700.609,MissionNav,4.299870952194916,50.0,91.17999999999549,65.98529926314542,100.22119447647599
36700.609,MissionNav,4.302844688001098,50.0,91.16999999999548,66.01026520518096,100.04484848261627
36700.625,MissionNav,4.301306264101092,50.0,91.15999999999548,66.05557070406152,100.15635039628748
36700.64,MissionNav,4.315888006014735,50.0,91.14999999999547,66.08647054971526,99.85634557140173
36700.64,MissionNav,4.30761014673017,50.0,91.13999999999547,66.10594704802747,99.57770661109514
36700.656,MissionNav,4.305067264514183,50.0,91.12999999999546,66.15554489521404,99.37770679510552
36700.671,MissionNav,4.310582612628245,50.0,91.11999999999546,66.2018898003518,99.78719353759749
36700.687,MissionNav,4.305858714388814,50.0,91.10999999999545,66.21958435790408,99.9168986563898
36700.687,MissionNav,4.300025579772521,50.0,91.09999999999545,66.24428977497551,99.49275528697139
36700.703,MissionNav,4.319835933602938,50.0,91.08999999999544,66.28220584714524,99.17334023167288
36700.718,MissionNav,4.315923579138089,50.0,91.07999999999544,66.2977067339164,99.21197337440907
36700.734,MissionNav,4.332678193462714,50.0,91.06999999999543,66.31192114236694,98.99321482788552
36700.734,MissionNav,4.340157809472787,50.0,91.05999999999543,66.36100769684543,98.79966550858428
36700.75,MissionNav,4.332460962610477,50.0,91.04999999999542,66.39060869933617,99.16463302271495
36700.765,MissionNav,4.329157605599954,50.0,91.03999999999542,66.41334890060138,99.4682551804394
36700.781,MissionNav,4.328729649024105,50.0,91.02999999999541,66.45316688136177,99.76780705108308
36700.781,MissionNav,4.347009742702475,50.0,91.0199999999954,66.48211014388849,100.16958639702295
36700.796,MissionNav,4.355999483213492,50.0,91.0099999999954,66.52494096992888,100.36679670502377
36700.812,MissionNav,4.3541305411233795,50.0,90.9999999999954,66.5606615319232,100.58369138109373
36700.828,MissionNav,4.3683629501683106,50.0,90.98999999999539,66.59716453593755,100.13241502419471
36700.859,MissionNav,4.358768503507973,50.0,90.97999999999539,66.6167713586407,99.6688078227117
36700.875,MissionNav,4.361064445180173,50.0,90.96999999999538,66.65489847108203,99.98312652973826
36700.89,MissionNav,4.353852338594867,50.0,90.95999999999538,66.69937808478802,99.79559527025245
36700.906,MissionNav,4.348222306561642,50.0,90.94999999999537,66.72713103636711,99.29851559615267
36700.921,MissionNav,4.355276392065907,50.0,90.93999999999536,66.75603984464087,99.25609923355997
36700.937,MissionNav,4.364035747839652,50.0,90.92999999999536,66.8016979610042,98.91937825820501
36700.937,MissionNav,4.361752292523588,50.0,90.91999999999535,66.83000401689175,98.63479100245365
36700.953,MissionNav,4.363833271476536,50.0,90.90999999999535,66.86589399565352,98.17441629027799
36700.968,MissionNav,4.376274356993451,50.0,90.89999999999534,66.90494222048167,98.42084729287359
36700.984,MissionNav,4.371606574349699,50.0,90.88999999999534,66.94583124812159,98.22531854424517
36700.984,MissionNav,4.362907295129668,50.0,90.87999999999533,66.96710628554077,98.48581540500443
36701.0,MissionNav,4.368074770821853,50.0,90.86999999999533,67.0028014467281,98.20693010406956
36701.015,MissionNav,4.377681032892753,50.0,90.85999999999532,67.01283211331575,98.54891488743014
36701.031,MissionNav,4.376125720149198,50.0,90.84999999999532,67.06004169759254,98.8454483948993
36701.031,MissionNav,4.387168119051942,50.0,90.83999999999531,67.07459637680155,99.11234396788342
36701.046,MissionNav,4.392941442640985,50.0,90.82999999999531,67.09448591386533,99.1196025256257
36701.062,MissionNav,4.388806424752662,50.0,90.8199999999953,67.14447182190746,98.69740062657283
36701.078,MissionNav,4.408517062166612,50.0,90.8099999999953,67.19386272932184,98.67832533853134
36701.093,MissionNav,4.421521598627448,50.0,90.7999999999953,67.22734749920448,98.55488240527471
36701.14,MissionNav,4.426310227166028,50.0,90.78999999999529,67.25612988626338,98.73428578084409
36701.156,MissionNav,4.432556447446829,50.0,90.77999999999528,67.28814463101315,98.66983593815787
36701.171,MissionNav,4.43970857251529,50.0,90.76999999999528,67.33435727570843,98.31350886720011
36701.187,MissionNav,4.438019502611571,50.0,90.75999999999527,67.37530947977731,98.19223727007693
36701.203,MissionNav,4.43249311237511,50.0,90.74999999999527,67.40239189706406,97.70143154823275
36701.312,MissionNav,4.429043105645622,50.0,90.73999999999526,67.43531397275119,97.24523949523028
36701.375,MissionNav,4.437348918311409,50.0,90.72999999999526,67.47465040286156,97.04775007204172
36701.421,MissionNav,4.4340468426524895,50.0,90.71999999999525,67.52199943381531,97.46334602349503
36701.453,MissionNav,4.435619634524768,50.0,90.70999999999525,67.5351438457391,97.60992606673007
36701.484,MissionNav,4.4299293785269125,50.0,90.69999999999524,67.55183422112158,97.49686604035671
36701.531,MissionNav,4.447445096061612,50.0,90.68999999999524,67.58388104033973,97.24107524121759
36701.562,MissionNav,4.448051976529808,50.0,90.67999999999523,67.59758715723667,97.40851003646544
36701.609,MissionNav,4.4628331829495735,50.0,90.66999999999523,67.63997177997149,97.20511516535372
36701.671,MissionNav,4.481271434841828,50.0,90.65999999999522,67.67229627559577,97.11419228155093
36701.687,MissionNav,4.500401113843122,50.0,90.64999999999522,67.71623589408982,97.0524181656042
36701.703,MissionNav,4.520085509631617,50.0,90.63999999999521,67.74066826810369,96.90746714219021
36701.703,MissionNav,4.5267242874304445,50.0,90.6299999999952,67.7745143974538,97.2804865509897
36701.718,MissionNav,4.536936842184818,50.0,90.6199999999952,67.80635783865488,96.87679908812063
36701.734,MissionNav,4.5530197449426595,50.0,90.6099999999952,67.84590633700908,96.49413673659014
36701.75,MissionNav,4.56663105098421,50.0,90.59999999999519,67.87538738343598,96.7013928517692
36701.765,MissionNav,4.56845625921861,50.0,90.58999999999519,67.91272776782439,96.29781836573365
36701.781,MissionNav,4.57975196896954,50.0,90.57999999999518,67.95627971013424,96.31493727857108
36701.812,MissionNav,4.594882597534262,50.0,90.56999999999518,68.00546632177935,96.61414290985337
36701.812,MissionNav,4.602071557717628,50.0,90.55999999999517,68.0336706208521,96.15320184831218
36701.843,MissionNav,4.6105110371963445,50.0,90.54999999999517,68.07307559626028,95.80187506629869
36701.843,MissionNav,4.62694713717145,50.0,90.53999999999516,68.11315795239823,96.27758072574355
36701.875,MissionNav,4.621097210911575,50.0,90.52999999999516,68.13258713794966,96.47847398880533
36701.906,MissionNav,4.634358123874903,50.0,90.51999999999515,68.16485193814651,96.32201228271651
36701.921,MissionNav,4.625780825973718,50.0,90.50999999999515,68.21272225832996,96.27871257496747
36701.953,MissionNav,4.637632058317594,50.0,90.49999999999514,68.23882454892622,96.29436098505882
36701.953,MissionNav,4.631346660751359,50.0,90.48999999999513,68.25533791299974,96.25148479005678
36701.968,MissionNav,4.641679907786327,50.0,90.47999999999513,68.27212998596023,95.7673630409516
36701.984,MissionNav,4.639133326914275,50.0,90.46999999999512,68.30311603686192,95.4987520555729
36702.0,MissionNav,4.65765813532665,50.0,90.45999999999512,68.35044959541277,95.01391824920185
36702.015,MissionNav,4.669027119161147,50.0,90.44999999999511,68.36635641851704,94.75115571043848
36702.015,MissionNav,4.68539339492137,50.0,90.43999999999511,68.38153133981052,94.91186714315175
36702.031,MissionNav,4.703045569174763,50.0,90.4299999999951,68.43016446039671,95.33636702528187
36702.046,MissionNav,4.712689689469911,50.0,90.4199999999951,68.46354544597379,95.48379962188486
36702.062,MissionNav,4.725369946920628,50.0,90.4099999999951,68.48183159153812,95.26273876200186
36702.062,MissionNav,4.723831402752928,50.0,90.39999999999509,68.50962850965382,95.04061968314409
36702.078,MissionNav,4.727963088566717,50.0,90.38999999999508,68.53238686739145,94.88865311930913
36702.093,MissionNav,4.734972742257495,50.0,90.37999999999508,68.57571550201244,95.03999750965093
36702.093,MissionNav,4.738365973974015,50.0,90.36999999999507,68.60690712994892,94.91592652650598
36702.109,MissionNav,4.745184169651012,50.0,90.35999999999507,68.6351847097095,95.20033742837259
36702.125,MissionNav,4.757315815612567,50.0,90.34999999999506,68.67196537819457,95.53588360585108
36702.14,MissionNav,4.752076696735296,50.0,90.33999999999506,68.69024468978397,95.20599592611691
36702.156,MissionNav,4.749311006249948,50.0,90.32999999999505,68.73223950176245,95.42167182757322
36702.156,MissionNav,4.7514439943133,50.0,90.31999999999505,68.76143905993064,95.3970450822486
36702.171,MissionNav,4.75850457451461,50.0,90.30999999999504,68.78191181195504,95.11203834835153
36702.187,MissionNav,4.776156836548556,50.0,90.29999999999504,68.82672303008918,94.71877778840827
36702.203,MissionNav,4.793084669876559,50.0,90.28999999999503,68.84673755311316,94.77934917807364
36702.218,MissionNav,4.803726245281708,50.0,90.27999999999503,68.86672891909643,94.8815360418483
36702.218,MissionNav,4.822585794893888,50.0,90.26999999999502,68.876975789479,95.0025528209336
36702.234,MissionNav,4.8239349489879695,50.0,90.25999999999502,68.89546109289395,95.13290113108576
36702.25,MissionNav,4.821814865021903,50.0,90.24999999999501,68.91613045520337,95.43535502399465
36702.265,MissionNav,4.833780494199004,50.0,90.239999999995,68.9419659933172,95.22604370283015
36702.281,MissionNav,4.85361015859295,50.0,90.229999999995,68.97546376130158,95.29094295256996
36702.296,MissionNav,4.846040689424894,50.0,90.219999999995,68.98583713819711,95.2574767732697
36702.312,MissionNav,4.83864070532292,50.0,90.20999999999499,69.01732760196396,95.00947373823423
36702.328,MissionNav,4.851471183148865,50.0,90.19999999999499,69.04872486879648,94.88967960331873
36702.343,MissionNav,4.849855620331173,50.0,90.18999999999498,69.08793018243414,94.80358740305596
36702.359,MissionNav,4.853520379707355,50.0,90.17999999999498,69.1036079687595,94.88860628575961
36702.375,MissionNav,4.865331092658511,50.0,90.16999999999497,69.13213131004281,94.94296549502464
36702.39,MissionNav,4.879689343136669,50.0,90.15999999999497,69.17793047663346,95.35468002776592
36702.39,MissionNav,4.8948833612196,50.0,90.14999999999496,69.18839528153939,94.85897460208238
36702.406,MissionNav,4.9036310050585925,50.0,90.13999999999496,69.23158344536803,94.53935777825747
36702.421,MissionNav,4.915730169510061,50.0,90.12999999999495,69.27599899123769,94.40528183733193
36702.421,MissionNav,4.912709444626155,50.0,90.11999999999495,69.30349065025094,94.0223638605651
36702.437,MissionNav,4.9231203992339925,50.0,90.10999999999494,69.32064803570451,94.5009647520784
36702.453,MissionNav,4.931554849433597,50.0,90.09999999999494,69.35235329325621,94.80664310367892
36702.468,MissionNav,4.92604370381992,50.0,90.08999999999493,69.40164666611109,95.28337399355996
36702.484,MissionNav,4.926312718101976,50.0,90.07999999999493,69.42395159005581,94.88149744266056
36702.484,MissionNav,4.938303576484375,50.0,90.06999999999492,69.45261182281621,94.68084208732253
36702.5,MissionNav,4.943905460227402,50.0,90.05999999999491,69.4634927686248,95.06919521693268
36702.515,MissionNav,4.934478323675438,50.0,90.04999999999491,69.48967370813573,95.43276708809246
36702.531,MissionNav,4.946497407330881,50.0,90.0399999999949,69.52228502966102,95.70263866735873
36702.546,MissionNav,4.944924675824992,50.0,90.0299999999949,69.54567140192168,95.81092541665164
36702.562,MissionNav,4.954468703029846,50.0,90.0199999999949,69.58913152391945,95.72379472991248
36702.578,MissionNav,4.952258887915239,50.0,90.00999999999489,69.60325185201279,95.42244278945606
36702.593,MissionNav,4.9477984146327065,50.0,89.99999999999488,69.63434060766868,95.3254282699882
36702.625,MissionNav,4.966698329701718,50.0,89.98999999999488,69.66970383047799,95.1949730990892
36702.64,MissionNav,4.978901297729749,50.0,89.97999999999487,69.71360725389438,94.74344383226655
36702.671,MissionNav,4.9849785569487,50.0,89.96999999999487,69.75496413163351,94.30756632420277
36702.687,MissionNav,4.9946187286463,50.0,89.95999999999486,69.76684317462573,94.48784450334483
36702.703,MissionNav,5.000310572092335,50.0,89.94999999999486,69.8145624822972,94.19208783963589
36702.718,MissionNav,5.00751998898804,50.0,89.93999999999485,69.86026265415475,94.46908650071468
36702.734,MissionNav,5.020782640212816,50.0,89.92999999999485,69.9015059215613,94.62945421969069
36702.75,MissionNav,5.0218752207456205,50.0,89.91999999999484,69.91918053381147,95.02771116625604
36702.765,MissionNav,5.0222623223889,50.0,89.90999999999484,69.9595117733519,94.83688747673138
36702.781,MissionNav,5.03268644982613,50.0,89.89999999999483,69.9947230662414,95.26001363366909
36702.796,MissionNav,5.0424546029641375,50.0,89.88999999999483,70.01375384947895,95.23198872152267
36702.812,MissionNav,5.053287722858992,50.0,89.87999999999482,70.05837797042528,95.69363659131658
36702.828,MissionNav,5.047915388309249,50.0,89.86999999999482,70.07368575919574,95.91490278069712
36702.843,MissionNav,5.058364427629511,50.0,89.85999999999481,70.11511305451786,96.13338587406236
36702.875,MissionNav,5.059992596649433,50.0,89.84999999999481,70.13590757218513,95.98753641266163
36702.875,MissionNav,5.056067985316272,50.0,89.8399999999948,70.18532384279185,95.68233331979887
36702.906,MissionNav,5.071516187948291,50.0,89.8299999999948,70.22605039186483,96.05855203340498
36702.906,MissionNav,5.067033064627868,50.0,89.81999999999479,70.23881479375038,96.47834343924785
36702.921,MissionNav,5.08195522205819,50.0,89.80999999999479,70.26703293082235,96.52648361414843
36702.953,MissionNav,5.092749581542284,50.0,89.79999999999478,70.28010702847236,96.90356220560412
36702.953,MissionNav,5.086439246132602,50.0,89.78999999999478,70.31909218925422,97.33420430183848
36702.968,MissionNav,5.103761599320498,50.0,89.77999999999477,70.3655636631672,96.93474519497623
36702.984,MissionNav,5.112408523831375,50.0,89.76999999999477,70.37624947637264,97.29670174910927
36703.0,MissionNav,5.105476394182105,50.0,89.75999999999476,70.41891794560279,97.51785317336898
36703.046,MissionNav,5.121089610851276,50.0,89.74999999999476,70.43205577691091,97.77910664864106
36703.062,MissionNav,5.119735875262752,50.0,89.73999999999475,70.47627074493077,97.47493620399834
36703.078,MissionNav,5.1165471967941185,50.0,89.72999999999475,70.51341844613901,97.6023686658417
36703.093,MissionNav,5.1341066171422645,50.0,89.71999999999474,70.53026512737826,98.05558733485323
36703.109,MissionNav,5.139971476663792,50.0,89.70999999999474,70.55216076822653,98.41542858755682
36703.109,MissionNav,5.133435604579876,50.0,89.69999999999473,70.56281960564925,98.32613738465588
36703.125,MissionNav,5.134449869294677,50.0,89.68999999999473,70.6109370376718,98.17008276200067
36703.14,MissionNav,5.142496140983036,50.0,89.67999999999472,70.64824480534513,98.1227615668664
36703.156,MissionNav,5.157291684171272,50.0,89.66999999999472,70.68242910032325,98.48652503497647
36703.171,MissionNav,5.1636336737854265,50.0,89.65999999999471,70.7004850242074,98.5256626139393
36703.171,MissionNav,5.157367594955903,50.0,89.6499999999947,70.74846224559487,98.0978913793725
36703.187,MissionNav,5.168844639077356,50.0,89.6399999999947,70.76247356740436,97.78794701526846
36703.203,MissionNav,5.181352698430473,50.0,89.6299999999947,70.77305487071835,98.24989786853615
36703.218,MissionNav,5.179657847556805,50.0,89.61999999999469,70.8046278144655,98.26655714658709
36703.234,MissionNav,5.18365789941074,50.0,89.60999999999468,70.8431672722887,97.80774971658742
36703.25,MissionNav,5.192730827774492,50.0,89.59999999999468,70.86982618289757,97.46858880684978
36703.265,MissionNav,5.183656415883468,50.0,89.58999999999467,70.889471030052,97.2973243216386
36703.281,MissionNav,5.178082877224455,50.0,89.57999999999467,70.9054231278986,97.1634133398
36703.296,MissionNav,5.175168905405645,50.0,89.56999999999466,70.95204464170577,96.91687088041742
36703.296,MissionNav,5.179511985104936,50.0,89.55999999999466,70.98920824989099,96.9154082940082
36703.312,MissionNav,5.185573662010895,50.0,89.54999999999465,71.02449812933679,97.19487388118942
36703.328,MissionNav,5.194158329872905,50.0,89.53999999999465,71.06951264069646,97.51523099952382
36703.343,MissionNav,5.201102222446237,50.0,89.52999999999464,71.08488583572725,97.50090529717482
36703.343,MissionNav,5.196740619335849,50.0,89.51999999999464,71.13304109576967,97.10250898833536
36703.359,MissionNav,5.2071037708871115,50.0,89.50999999999463,71.17750040711314,96.78832994088089
36703.375,MissionNav,5.204285701571422,50.0,89.49999999999463,71.19419975055622,97.21028702057424
36703.39,MissionNav,5.2144964219252685,50.0,89.48999999999462,71.22229660348904,97.45077210185245
36703.406,MissionNav,5.206224130054564,50.0,89.47999999999462,71.27016911486265,97.33075006981312
36703.406,MissionNav,5.204198143958335,50.0,89.46999999999461,71.28269011341058,96.99793412624634
36703.421,MissionNav,5.2157825143394865,50.0,89.45999999999461,71.31668280386101,97.27046387994723
36703.437,MissionNav,5.2187954033902635,50.0,89.4499999999946,71.35692219881103,97.36889634685275
36703.468,MissionNav,5.222393264767941,50.0,89.4399999999946,71.36728713743405,97.54404185756111
36703.484,MissionNav,5.230736719145052,50.0,89.42999999999459,71.41327133418453,97.55340156405912
36703.5,MissionNav,5.2291641909132,50.0,89.41999999999459,71.45925969099557,97.10180157111708
36703.515,MissionNav,5.238917339098682,50.0,89.40999999999458,71.4843178205465,96.77417703239499
36703.531,MissionNav,5.251144161056589,50.0,89.39999999999458,71.53227727284872,96.78831209689993
36703.546,MissionNav,5.2515222146349805,50.0,89.38999999999457,71.5577041303192,96.39174278734977
36703.562,MissionNav,5.249505031784658,50.0,89.37999999999457,71.60128181971959,96.59895267618482
36703.578,MissionNav,5.2582233469183475,50.0,89.36999999999456,71.6158721247529,96.8559006377555
36703.593,MissionNav,5.278094276632844,50.0,89.35999999999456,71.66051376907582,97.0876737051424
36703.593,MissionNav,5.293643627140342,50.0,89.34999999999455,71.68901333748809,97.42030870120789
36703.609,MissionNav,5.311635930249021,50.0,89.33999999999455,71.7356968497671,97.5090743829166
36703.625,MissionNav,5.311840680056421,50.0,89.32999999999454,71.77708216832619,97.43505595371303
36703.64,MissionNav,5.320760771163078,50.0,89.31999999999454,71.81158526615359,97.92939449596679
36703.64,MissionNav,5.3221748198591445,50.0,89.30999999999453,71.83686288141911,97.43910075152067
36703.656,MissionNav,5.3371703596334354,50.0,89.29999999999453,71.86937548996197,97.24184770122291
36703.671,MissionNav,5.337214560625333,50.0,89.28999999999452,71.91702560945139,97.06293199915538
36703.687,MissionNav,5.341745395772764,50.0,89.27999999999452,71.94703343717423,96.81467137100368
36703.703,MissionNav,5.350704322612074,50.0,89.26999999999451,71.98223947938185,96.99686217157516
36703.718,MissionNav,5.362542752171214,50.0,89.2599999999945,72.00173744497276,96.91286718917246
36703.734,MissionNav,5.353060997786664,50.0,89.2499999999945,72.03462628925936,97.14676845654074
36703.75,MissionNav,5.348793070005513,50.0,89.2399999999945,72.08354962115267,97.17876279128215
36703.765,MissionNav,5.363465578275576,50.0,89.22999999999449,72.10068867162029,96.72152985298777
36703.781,MissionNav,5.3662469368354335,50.0,89.21999999999449,72.13697850162906,96.68549109155099
36703.796,MissionNav,5.381949768490164,50.0,89.20999999999448,72.15167808280543,96.63981769737379
36703.812,MissionNav,5.401010412469025,50.0,89.19999999999447,72.1878150860713,96.80093451565098
36703.812,MissionNav,5.392577471797346,50.0,89.18999999999447,72.21092506664068,96.92569306638305
36703.828,MissionNav,5.412157351994797,50.0,89.17999999999446,72.223500520216,97.2877120421839
36703.843,MissionNav,5.427554225129129,50.0,89.16999999999446,72.26026859283436,96.96443835753927
36703.859,MissionNav,5.424069603425415,50.0,89.15999999999445,72.27522380700803,97.30770178554238
36703.875,MissionNav,5.433908278953073,50.0,89.14999999999445,72.31434433036593,97.63979290634418
36703.875,MissionNav,5.423981466703676,50.0,89.13999999999444,72.35671218462289,97.19625507090552
36703.89,MissionNav,5.435071595573588,50.0,89.12999999999444,72.38288055085344,96.70544465262833
36703.906,MissionNav,5.443623431465377,50.0,89.11999999999443,72.4095807389246,96.85388990945818
36703.921,MissionNav,5.449658851735957,50.0,89.10999999999443,72.43277854062306,96.40554255880612
36703.937,MissionNav,5.467507201460162,50.0,89.09999999999442,72.46983973434715,96.72404694225851
36703.953,MissionNav,5.479618845848214,50.0,89.08999999999442,72.48387136466155,97.18818416420486
36703.968,MissionNav,5.475529196477117,50.0,89.07999999999441,72.51720257445335,96.83361429900732
36704.0,MissionNav,5.491729386737321,50.0,89.06999999999441,72.54917550620054,97.25186886834564
36704.015,MissionNav,5.48313151417378,50.0,89.0599999999944,72.56272425761782,97.24861809242435
36704.031,MissionNav,5.492029114982076,50.0,89.0499999999944,72.59209918601226,96.76761422722039
36704.046,MissionNav,5.50804834959504,50.0,89.0399999999944,72.62318646420697,96.42878952776458
36704.062,MissionNav,5.510395499712837,50.0,89.02999999999439,72.64473124746665,96.5908793229118
36704.062,MissionNav,5.529436956360543,50.0,89.01999999999438,72.65756651196781,96.84413526592158
36704.078,MissionNav,5.528742994695783,50.0,89.00999999999438,72.70502720615113,97.01006436532263
36704.093,MissionNav,5.5398232233422835,50.0,88.99999999999437,72.74532295831948,97.46065868353298
36704.109,MissionNav,5.5520919443950465,50.0,88.98999999999437,72.76416307110348,97.04558120042785
36704.109,MissionNav,5.5616163874819975,50.0,88.97999999999436,72.77773978800006,97.13076193765563
36704.125,MissionNav,5.556909687984103,50.0,88.96999999999436,72.8213092833347,97.52293391471969
36704.14,MissionNav,5.573532104671152,50.0,88.95999999999435,72.83345574268611,97.34150178096053
36704.156,MissionNav,5.583306379944363,50.0,88.94999999999435,72.87565592260154,97.00449595722573
36704.171,MissionNav,5.590975469170435,50.0,88.93999999999434,72.92492876380494,96.98119942157605
36704.171,MissionNav,5.605743260735887,50.0,88.92999999999434,72.95253210273404,97.02649166153982
36704.203,MissionNav,5.605416417534947,50.0,88.91999999999433,72.96764094272913,96.6305448901018
36704.218,MissionNav,5.612883970760771,50.0,88.90999999999433,72.97993964793764,96.7504819350734
36704.234,MissionNav,5.613402095928654,50.0,88.89999999999432,73.00505355342857,96.3920731529501
36704.25,MissionNav,5.605150324787094,50.0,88.88999999999432,73.02578664731998,96.88029871691302
36704.265,MissionNav,5.605052407438165,50.0,88.87999999999431,73.03877987098357,97.14659643374554
36704.281,MissionNav,5.604426355763451,50.0,88.8699999999943,73.07176900930835,96.82632816991253
36704.296,MissionNav,5.613834975235357,50.0,88.8599999999943,73.11836025282125,97.20968529500446
36704.312,MissionNav,5.625520184831409,50.0,88.8499999999943,73.16372058098752,97.31212845895186
36704.328,MissionNav,5.63282738105914,50.0,88.83999999999429,73.19426971821996,96.89638611899392
36704.359,MissionNav,5.650221747151318,50.0,88.82999999999429,73.2259625780014,96.95356450633878
36704.375,MissionNav,5.664880301678005,50.0,88.81999999999428,73.24241235580784,96.90015080002111
36704.39,MissionNav,5.673271011497864,50.0,88.80999999999428,73.27486841112949,96.45832397760171
36704.421,MissionNav,5.683819048991202,50.0,88.79999999999427,73.30098065545735,96.2160764528431
36704.437,MissionNav,5.696443005916756,50.0,88.78999999999427,73.34508402807923,96.12886600308352
36704.453,MissionNav,5.708143895344289,50.0,88.77999999999426,73.37464736590287,95.76945862798091
36704.453,MissionNav,5.727191098211061,50.0,88.76999999999425,73.39498861629536,96.18970254872936
36704.468,MissionNav,5.726485024842976,50.0,88.75999999999425,73.42609967879605,96.4384396373402
36704.484,MissionNav,5.739327541558839,50.0,88.74999999999424,73.46194007712336,96.17172289449238
36704.5,MissionNav,5.746808720354248,50.0,88.73999999999424,73.4842332484609,96.63148660125735
36704.515,MissionNav,5.763661071645715,50.0,88.72999999999423,73.52014471044447,96.95378415732813
36704.515,MissionNav,5.757738445236516,50.0,88.71999999999423,73.54603763734461,96.67141457935479
36704.531,MissionNav,5.752646559510374,50.0,88.70999999999422,73.57001409143808,96.21053775294416
36704.546,MissionNav,5.756118574249562,50.0,88.69999999999422,73.59123980108642,95.76785841449785
36704.562,MissionNav,5.752455134529571,50.0,88.68999999999421,73.60463126546537,95.2929107557515
36704.562,MissionNav,5.742757125777361,50.0,88.67999999999421,73.65198038485356,95.42440868632548
36704.578,MissionNav,5.762479782074312,50.0,88.6699999999942,73.68943421627604,95.07467332334741
36704.593,MissionNav,5.774206245442824,50.0,88.6599999999942,73.72926449826521,95.4120185776929
36704.609,MissionNav,5.782246335114465,50.0,88.6499999999942,73.75250628785383,95.09599238698625
36704.625,MissionNav,5.777149021519431,50.0,88.63999999999419,73.79544211853589,95.18116384736562
36704.64,MissionNav,5.779287876586201,50.0,88.62999999999418,73.8066514813339,94.98096140333512
36704.656,MissionNav,5.78147569057201,50.0,88.61999999999418,73.8354303886867,94.99350540202036
36704.656,MissionNav,5.796937428588697,50.0,88.60999999999417,73.85824281636158,95.38502811305132
36704.671,MissionNav,5.815333330673062,50.0,88.59999999999417,73.90800964929342,95.64846695732905
36704.687,MissionNav,5.8298178148459945,50.0,88.58999999999416,73.9215304323189,95.9213341453328
36704.703,MissionNav,5.824685616708097,50.0,88.57999999999416,73.94470375404256,96.02334791552596
36704.718,MissionNav,5.817076126419995,50.0,88.56999999999415,73.9848041070841,96.28223213106318
36704.734,MissionNav,5.812804031873112,50.0,88.55999999999415,74.00617819633861,96.72431096038373
36704.75,MissionNav,5.823085318912323,50.0,88.54999999999414,74.01754605116427,97.04880365335988
36704.765,MissionNav,5.814716836693829,50.0,88.53999999999414,74.05973876916308,96.6855204453866
36704.765,MissionNav,5.817043756967384,50.0,88.52999999999413,74.10783743990272,97.15659931400238
36704.781,MissionNav,5.807727911774064,50.0,88.51999999999413,74.13696881557759,97.12983497124087
36704.796,MissionNav,5.815385576468697,50.0,88.50999999999412,74.15193776432035,96.82503127026241
36704.812,MissionNav,5.812306854070245,50.0,88.49999999999412,74.16262253026616,96.6492792720239
36704.828,MissionNav,5.828925939769948,50.0,88.48999999999411,74.17822293411673,96.72658265052068
36704.843,MissionNav,5.840162315223177,50.0,88.4799999999941,74.22322977588497,96.85008885170181
36704.859,MissionNav,5.848136627870363,50.0,88.4699999999941,74.2403849738488,97.2435112436272
36704.875,MissionNav,5.847711461754682,50.0,88.4599999999941,74.25689566147915,97.66937009246811
36704.89,MissionNav,5.839002806627865,50.0,88.44999999999409,74.29519333536584,97.54481338448757
36704.921,MissionNav,5.832004758180588,50.0,88.43999999999409,74.31601428530917,98.0140077259606
36704.937,MissionNav,5.828951114466174,50.0,88.42999999999408,74.35028139531566,98.09081012163139
36704.953,MissionNav,5.8339974654580615,50.0,88.41999999999408,74.38344011216789,97.61145649581626
36704.968,MissionNav,5.831743396196369,50.0,88.40999999999407,74.39989499935339,97.80098332477041
36704.984,MissionNav,5.838009091164835,50.0,88.39999999999407,74.41524706473095,97.51361600822968
36705.0,MissionNav,5.8501537192911135,50.0,88.38999999999406,74.43099938860578,97.85614224280371
36705.015,MissionNav,5.843813884866001,50.0,88.37999999999406,74.45497549748053,97.41566948278411
36705.031,MissionNav,5.860361582879918,50.0,88.36999999999405,74.50017382137693,97.01308473184652
36705.046,MissionNav,5.864686942573195,50.0,88.35999999999405,74.51717559265401,97.06205973951057
36705.062,MissionNav,5.876946420519724,50.0,88.34999999999404,74.55854913434187,97.36663580521757
36705.078,MissionNav,5.8729690816208056,50.0,88.33999999999403,74.59503948862431,96.9678903050292
36705.078,MissionNav,5.8718289484423565,50.0,88.32999999999403,74.63397019582848,97.00055845756545
36705.093,MissionNav,5.863478805221643,50.0,88.31999999999402,74.67259435445182,97.16481124865263
36705.109,MissionNav,5.872617891396457,50.0,88.30999999999402,74.71091532310038,97.46540181990572
36705.125,MissionNav,5.863525936378843,50.0,88.29999999999401,74.72871078880284,97.49766047131757
36705.14,MissionNav,5.872139234924499,50.0,88.28999999999401,74.76633433189522,97.03591404514485
36705.14,MissionNav,5.889940424053012,50.0,88.279999999994,74.81326985836243,97.02624542254044
36705.156,MissionNav,5.901983697754918,50.0,88.269999999994,74.82795324442732,96.96819997693768
36705.171,MissionNav,5.894252127901852,50.0,88.259999999994,74.84740274372871,96.49179318882551
36705.187,MissionNav,5.914010887769423,50.0,88.24999999999399,74.89619345396801,96.09843277611583
36705.187,MissionNav,5.912208074018652,50.0,88.23999999999398,74.90742867102146,96.39357591991788
36705.203,MissionNav,5.910560104725088,50.0,88.22999999999398,74.94969424252254,96.82257744815163
36705.218,MissionNav,5.911120919326713,50.0,88.21999999999397,74.99528210297709,97.24249524501205
36705.234,MissionNav,5.905424157915332,50.0,88.20999999999397,75.00699289560822,96.95864350148324
36705.25,MissionNav,5.909989588731806,50.0,88.19999999999396,75.05219124839635,97.04484364444804
36705.265,MissionNav,5.904998417459266,50.0,88.18999999999396,75.07451217982171,96.5990878405287
36705.281,MissionNav,5.924677538835216,50.0,88.17999999999395,75.10638396977,96.94395083721466
36705.296,MissionNav,5.9222822368535875,50.0,88.16999999999395,75.14817577207263,97.27782608570055
36705.296,MissionNav,5.9138027784966445,50.0,88.15999999999394,75.15999494468878,97.03905563721571
36705.312,MissionNav,5.9094089481558685,50.0,88.14999999999394,75.17523054874063,97.01573815277092
36705.328,MissionNav,5.92451604435032,50.0,88.13999999999393,75.22270339532375,96.98513559710783
36705.359,MissionNav,5.933804380676606,50.0,88.12999999999393,75.25017883124637,96.80191294810056
36705.375,MissionNav,5.936849509266446,50.0,88.11999999999392,75.26256619196924,97.06667313670954
36705.39,MissionNav,5.938345273058613,50.0,88.10999999999392,75.28961075770904,96.86348939546443
36705.421,MissionNav,5.9541522093253265,50.0,88.09999999999391,75.32035738439241,97.03483450008297
36705.453,MissionNav,5.948760635554005,50.0,88.0899999999939,75.34777089035036,97.46812623046202
36705.484,MissionNav,5.949970732340729,50.0,88.0799999999939,75.38777568368963,97.74083346245192
36705.5,MissionNav,5.95784042802172,50.0,88.0699999999939,75.43243231794236,97.85290673696504
36705.515,MissionNav,5.9576236738998585,50.0,88.05999999999389,75.47891316972444,97.57241447179749
36705.531,MissionNav,5.954502929965613,50.0,88.04999999999389,75.49207508348609,97.54953357672177
36705.531,MissionNav,5.973691872021648,50.0,88.03999999999388,75.51337244294682,97.83073799478157
36705.546,MissionNav,5.981634188463912,50.0,88.02999999999388,75.52698993704209,98.28611248035917
36705.562,MissionNav,5.998982725959898,50.0,88.01999999999387,75.54900275498811,98.26342926104613
36705.578,MissionNav,6.009424231303954,50.0,88.00999999999387,75.59201046602308,98.41471650557024
36705.578,MissionNav,6.010444426089015,50.0,87.99999999999386,75.62971726733043,98.20636780097298
36705.593,MissionNav,6.002874066261324,50.0,87.98999999999386,75.64403109541968,98.5433557477189
36705.609,MissionNav,5.9965836115432705,50.0,87.97999999999385,75.68118932994368,98.82554545326158
36705.625,MissionNav,5.987408733963237,50.0,87.96999999999385,75.69435623370826,98.56047586991487
36705.64,MissionNav,5.997873448212191,50.0,87.95999999999384,75.7374402278179,98.84623856240717
36705.64,MissionNav,6.010624255024948,50.0,87.94999999999384,75.78648819728733,99.16322866199732
36705.656,MissionNav,6.0177266521187835,50.0,87.93999999999383,75.81418559930326,99.53254845670575
36705.671,MissionNav,6.03609531683282,50.0,87.92999999999383,75.85517806308411,99.92875622188112
36705.687,MissionNav,6.043815521407084,50.0,87.91999999999382,75.89926592988911,100.02863404846677
36705.687,MissionNav,6.054804337365163,50.0,87.90999999999381,75.91174942963808,99.58710976360923
36705.703,MissionNav,6.060744448276589,50.0,87.89999999999381,75.95085506276689,99.80007587647694
36705.718,MissionNav,6.078844614065419,50.0,87.8899999999938,75.96335455851941,99.4217561217936
36705.734,MissionNav,6.079119626204779,50.0,87.8799999999938,75.99560169029175,99.43242370076648
36705.75,MissionNav,6.085745385086296,50.0,87.8699999999938,76.04327315641382,99.1604820406971
36705.765,MissionNav,6.104370001868026,50.0,87.85999999999379,76.0804461740141,98.84087748126036
36705.781,MissionNav,6.100269350340274,50.0,87.84999999999378,76.10003544696495,98.8217085410871
36705.796,MissionNav,6.096265412312993,50.0,87.83999999999378,76.14604123858669,98.34869347757142
36705.812,MissionNav,6.109268034789543,50.0,87.82999999999377,76.18729629140755,98.80198798164983
36705.812,MissionNav,6.102934712685741,50.0,87.81999999999377,76.2169327293425,98.56803589752734
36705.828,MissionNav,6.1033091278041605,50.0,87.80999999999376,76.26681583157928,98.07142689408673
36705.843,MissionNav,6.098941945727329,50.0,87.79999999999376,76.31114062524821,98.14210536084559
36705.859,MissionNav,6.096827192889527,50.0,87.78999999999375,76.33868179808015,98.24099863576906
36705.875,MissionNav,6.09652030394975,50.0,87.77999999999375,76.38289324769188,97.78659296041583
36705.906,MissionNav,6.103713052934659,50.0,87.76999999999374,76.40406669044644,97.99959819289693
36705.937,MissionNav,6.0984152701390695,50.0,87.75999999999374,76.43624709269291,98.24409878600821
36705.953,MissionNav,6.1111905041669194,50.0,87.74999999999373,76.47238290725731,98.53946439503738
36705.953,MissionNav,6.118790492084461,50.0,87.73999999999373,76.5066853010118,98.81011376964503
36705.968,MissionNav,6.1269188225352424,50.0,87.72999999999372,76.53084545414808,98.51590203559856
36705.984,MissionNav,6.145840263661509,50.0,87.71999999999372,76.5467186985424,98.94629102716684
36706.0,MissionNav,6.137625549133552,50.0,87.70999999999371,76.57661757591147,99.26094003372557
36706.015,MissionNav,6.138492484846595,50.0,87.69999999999371,76.6156072998263,99.24884035193479
36706.031,MissionNav,6.133610814458862,50.0,87.6899999999937,76.64097628025226,99.21526198327581
36706.046,MissionNav,6.153346220743648,50.0,87.6799999999937,76.66421489870889,98.75496833553599
36706.062,MissionNav,6.167619813535337,50.0,87.66999999999369,76.70358908993003,98.96950370159311
36706.062,MissionNav,6.160477962541009,50.0,87.65999999999369,76.72410770291988,98.9455477936919
36706.078,MissionNav,6.16110866241174,50.0,87.64999999999368,76.74119935125057,98.88458917715379
36706.093,MissionNav,6.15247229643804,50.0,87.63999999999368,76.79062173661178,99.11141870048081
36706.109,MissionNav,6.156760202346828,50.0,87.62999999999367,76.80670390771898,99.21423744283206
36706.125,MissionNav,6.171706775000484,50.0,87.61999999999367,76.82910740105508,98.89624248827283
36706.218,MissionNav,6.172580791014936,50.0,87.60999999999366,76.86871427193833,98.66894014028432
36706.234,MissionNav,6.169552831607492,50.0,87.59999999999366,76.90184661571082,98.85008042515062
36706.25,MissionNav,6.16740140780071,50.0,87.58999999999365,76.92304194582196,98.93263417773711
36706.265,MissionNav,6.161884304687191,50.0,87.57999999999365,76.95236469101467,99.32540946021024
36706.281,MissionNav,6.152829965559004,50.0,87.56999999999364,76.98185681280096,99.76667243285652
36706.296,MissionNav,6.16520057339023,50.0,87.55999999999364,76.99403577727116,99.58640411766586
36706.296,MissionNav,6.171939439036994,50.0,87.54999999999363,77.01733620199431,99.3582481272902
36706.312,MissionNav,6.164895467791529,50.0,87.53999999999363,77.05807147041207,99.85642757960547
36706.328,MissionNav,6.17194048679519,50.0,87.52999999999362,77.10537653963524,99.45615793500716
36706.343,MissionNav,6.183868317522463,50.0,87.51999999999362,77.12635868155932,99.52766061373485
36706.359,MissionNav,6.186938194798129,50.0,87.50999999999361,77.16193245255073,99.19804506030002
36706.359,MissionNav,6.194205964079668,50.0,87.4999999999936,77.17715383243902,98.79530556994531
36706.375,MissionNav,6.194027729620938,50.0,87.4899999999936,77.20623958564248,99.079444693386
36706.39,MissionNav,6.194564368787888,50.0,87.4799999999936,77.23093785749852,99.36691127477998
36706.406,MissionNav,6.209390522919018,50.0,87.46999999999359,77.2569969199311,98.97228636559184
36706.421,MissionNav,6.221394197574561,50.0,87.45999999999358,77.3001811746323,99.27900166761192
36706.421,MissionNav,6.223806988231063,50.0,87.44999999999358,77.34039815859195,99.45815913819223
36706.437,MissionNav,6.235991717978155,50.0,87.43999999999357,77.38154684485765,98.96203157463904
36706.453,MissionNav,6.227187181860738,50.0,87.42999999999357,77.40559958437187,99.43844157101069
36706.468,MissionNav,6.226078923896513,50.0,87.41999999999356,77.42451595189175,99.41656441489953
36706.484,MissionNav,6.2291314606175545,50.0,87.40999999999356,77.44004383619782,99.04696078178132
36706.484,MissionNav,6.222685104013075,50.0,87.39999999999355,77.46218507804558,99.21918545608757
36706.5,MissionNav,6.22560405298235,50.0,87.38999999999355,77.4972438757045,99.69756693376442
36706.515,MissionNav,6.233053635204968,50.0,87.37999999999354,77.53780807131139,99.89339489262059
36706.531,MissionNav,6.228440881313301,50.0,87.36999999999354,77.56419507761056,100.03199940892038
36706.546,MissionNav,6.228770146791092,50.0,87.35999999999353,77.57859477530592,100.28106780114572
36706.578,MissionNav,6.246809462492678,50.0,87.34999999999353,77.59511728496048,99.99006594879673
36706.609,MissionNav,6.240149847083498,50.0,87.33999999999352,77.62342099830236,100.07963368898828
36706.64,MissionNav,6.25754435972236,50.0,87.32999999999352,77.64431970255617,99.86797233882113
36706.656,MissionNav,6.262457072450023,50.0,87.31999999999351,77.6610029044456,99.88823098296449
36706.671,MissionNav,6.25834998777277,50.0,87.30999999999351,77.69953808412322,99.47886293247055
36706.687,MissionNav,6.257707011400739,50.0,87.2999999999935,77.71950839180526,99.89723416713073
36706.703,MissionNav,6.272271279713312,50.0,87.2899999999935,77.7405729536037,100.21004923558739
36706.718,MissionNav,6.284956471929768,50.0,87.27999999999349,77.76614860968114,100.23755883220682
36706.734,MissionNav,6.294256783634225,50.0,87.26999999999349,77.81355558502555,100.47404471047031
36706.75,MissionNav,6.302273749023942,50.0,87.25999999999348,77.84784581438706,100.5219967752478
36706.765,MissionNav,6.310575228703742,50.0,87.24999999999348,77.88778266190212,100.83945517383654
36706.765,MissionNav,6.328233505976928,50.0,87.23999999999347,77.93292376890386,101.16522020409876
36706.781,MissionNav,6.346882806666293,50.0,87.22999999999347,77.94422747516485,101.10449060249513
36706.796,MissionNav,6.351204174163521,50.0,87.21999999999346,77.98869581681616,100.62502362668707
36706.812,MissionNav,6.3693378590374845,50.0,87.20999999999346,78.0343598151073,100.50253590208139
36706.828,MissionNav,6.380398617688433,50.0,87.19999999999345,78.08346157358645,100.16529383951458
36706.843,MissionNav,6.387396557773046,50.0,87.18999999999345,78.12499417511671,100.05949738062228
36706.843,MissionNav,6.383644554820725,50.0,87.17999999999344,78.15620580957646,100.40311941441193
36706.859,MissionNav,6.386760351093891,50.0,87.16999999999344,78.19399551845527,100.27012597358096
36706.875,MissionNav,6.388684192931336,50.0,87.15999999999343,78.24239955489915,99.88002491920045
36706.89,MissionNav,6.383037096192798,50.0,87.14999999999343,78.2706890294271,100.01835342652825
36706.89,MissionNav,6.395417269729257,50.0,87.13999999999342,78.28759290605171,100.2631011266991
36706.906,MissionNav,6.3863926675567315,50.0,87.12999999999342,78.33385509222086,99.79365946341936
36706.921,MissionNav,6.405785802968797,50.0,87.11999999999341,78.34438613763163,100.06087561752906
36706.937,MissionNav,6.405212302539519,50.0,87.1099999999934,78.35769717520219,99.99458822397652
36706.953,MissionNav,6.419062539389331,50.0,87.0999999999934,78.3760860930544,100.01456824126966
36706.968,MissionNav,6.417898353119388,50.0,87.0899999999934,78.38889678701088,100.47968521560841
36707.015,MissionNav,6.432198421043315,50.0,87.07999999999339,78.39919365348803,100.65850197220315
36707.031,MissionNav,6.4349520462743905,50.0,87.06999999999339,78.41437584626891,100.88610805723536
36707.046,MissionNav,6.438455398382139,50.0,87.05999999999338,78.43725712474787,101.19311028831402
36707.062,MissionNav,6.4526193529379965,50.0,87.04999999999337,78.47251000675553,101.24942559403814
36707.078,MissionNav,6.464140226237102,50.0,87.03999999999337,78.51608560389946,101.13926753699754
36707.093,MissionNav,6.482330828130599,50.0,87.02999999999336,78.55334653305192,100.86811687081813
36707.093,MissionNav,6.475025640322319,50.0,87.01999999999336,78.56481483195455,101.03686126824863
36707.109,MissionNav,6.473395862878168,50.0,87.00999999999335,78.58425590639376,101.39816742955075
36707.125,MissionNav,6.490845421470512,50.0,86.99999999999335,78.61873048329534,101.40109360824869
36707.14,MissionNav,6.502490880104234,50.0,86.98999999999334,78.64876310004739,101.3281005813053
36707.156,MissionNav,6.50205409953463,50.0,86.97999999999334,78.66818286236149,101.2219006748312
36707.171,MissionNav,6.495992156712643,50.0,86.96999999999333,78.71572409523593,100.97185976433809
36707.171,MissionNav,6.497923736972931,50.0,86.95999999999333,78.75798183795531,100.4819866132235
36707.187,MissionNav,6.5165520625326225,50.0,86.94999999999332,78.7824620140988,100.98114795706647
36707.203,MissionNav,6.523272016114003,50.0,86.93999999999332,78.79973040948774,100.54545498031096
36707.218,MissionNav,6.540054436347385,50.0,86.92999999999331,78.81549147153936,100.52957487037206
36707.234,MissionNav,6.534240347627759,50.0,86.91999999999331,78.83784768435979,100.7531941723459
36707.25,MissionNav,6.533371444852632,50.0,86.9099999999933,78.87297298703258,100.30732142979865
36707.265,MissionNav,6.5352010507393965,50.0,86.8999999999933,78.8959883194498,100.32976248882314
36707.281,MissionNav,6.535479886622727,50.0,86.8899999999933,78.93300385259947,100.18126889852238
36707.281,MissionNav,6.534448273815606,50.0,86.87999999999329,78.95444747239456,100.63545051310174
36707.296,MissionNav,6.542987959595929,50.0,86.86999999999328,78.9937880705581,100.33487991219296
36707.312,MissionNav,6.561948257636872,50.0,86.85999999999328,79.01116065807385,99.84685772168594
36707.328,MissionNav,6.570467515971796,50.0,86.84999999999327,79.04046852040307,99.4429676687181
36707.343,MissionNav,6.589664519015342,50.0,86.83999999999327,79.08067084184081,99.11338486916493
36707.359,MissionNav,6.580501861191521,50.0,86.82999999999326,79.11556856609076,99.54640635369617
36707.359,MissionNav,6.598802742916316,50.0,86.81999999999326,79.13537342935649,99.25506344701941
36707.375,MissionNav,6.601087712162013,50.0,86.80999999999325,79.18133568372544,99.4711984483146
36707.39,MissionNav,6.6194934026436245,50.0,86.79999999999325,79.20307623391962,99.43410106096698
36707.406,MissionNav,6.6230132926284835,50.0,86.78999999999324,79.21417647298658,99.86783348883766
36707.421,MissionNav,6.633167472484674,50.0,86.77999999999324,79.23647560220945,99.73737555328074
36707.437,MissionNav,6.64193837062995,50.0,86.76999999999323,79.28489018529078,100.09902080391021
36707.453,MissionNav,6.647172833500723,50.0,86.75999999999323,79.3329808921921,100.12056628208309
36707.468,MissionNav,6.6425777741237715,50.0,86.74999999999322,79.36210140930298,100.03026305454233
36707.484,MissionNav,6.645211680059384,50.0,86.73999999999322,79.37954008785057,99.6282625896947
36707.5,MissionNav,6.649080560497285,50.0,86.72999999999321,79.42241839393371,99.65089772831793
36707.515,MissionNav,6.6402436220476435,50.0,86.7199999999932,79.44555133131931,99.21068727754074
36707.531,MissionNav,6.6433321432566235,50.0,86.7099999999932,79.48229573036834,98.7224388381933
36707.546,MissionNav,6.652242323201926,50.0,86.6999999999932,79.49856062550636,98.79831941764222
36707.562,MissionNav,6.670460616651338,50.0,86.68999999999319,79.54311512586496,98.83801474792982
36707.578,MissionNav,6.666416222098513,50.0,86.67999999999319,79.5633698159121,99.31985881761759
36707.593,MissionNav,6.680780393597286,50.0,86.66999999999318,79.57574040217649,99.29613240587305
36707.609,MissionNav,6.69639669127159,50.0,86.65999999999318,79.62308185365949,99.0725606576325
36707.625,MissionNav,6.711088144641477,50.0,86.64999999999317,79.67076028098265,98.76386792765501
36707.64,MissionNav,6.718591634565213,50.0,86.63999999999317,79.68933123184665,98.35742196682739
36707.656,MissionNav,6.735358336135079,50.0,86.62999999999316,79.72988179376503,98.68064865243498
36707.671,MissionNav,6.735052442843718,50.0,86.61999999999315,79.7545221473696,98.76390678983628
36707.671,MissionNav,6.752506816700965,50.0,86.60999999999315,79.77711832058434,98.83303001326956
36707.703,MissionNav,6.747470358403899,50.0,86.59999999999314,79.80833054009999,98.7731379260528
36707.734,MissionNav,6.748325257078622,50.0,86.58999999999314,79.8381198185798,98.59993388129728
36707.75,MissionNav,6.768180615857313,50.0,86.57999999999313,79.86581668862627,98.48262198968493
36707.765,MissionNav,6.781519136339598,50.0,86.56999999999313,79.89954688574157,98.09775493143916
36707.781,MissionNav,6.786924549278317,50.0,86.55999999999312,79.92519960053271,98.13594025483616
36707.796,MissionNav,6.784490331716281,50.0,86.54999999999312,79.96382978778212,98.29158182072257
36707.812,MissionNav,6.799120374949807,50.0,86.53999999999311,79.99639582026472,98.70332311166804
36707.828,MissionNav,6.796040161377435,50.0,86.52999999999311,80.01639245846859,98.85617655465192
